algorytm,reprezentacja,rozmiar,gestosc,powtorzenie,czas(ms),koszt
Prim,Matrix,400,0.25,0,24.092,774
Prim,List,400,0.25,0,2.219,704
Kruskal,Matrix,400,0.25,0,1.266,774
Kruskal,List,400,0.25,0,1.862,704
Dijkstra,Matrix,400,0.25,0,33.964,11554
Dijkstra,List,400,0.25,0,2.026,7581
BellmanFord,Matrix,400,0.25,0,39.153,11554
BellmanFord,List,400,0.25,0,37.476,7581
Prim,Matrix,400,0.25,1,19.03,694
Prim,List,400,0.25,1,2.174,742
Kruskal,Matrix,400,0.25,1,1.245,694
Kruskal,List,400,0.25,1,1.91,742
Dijkstra,Matrix,400,0.25,1,30.951,2203
Dijkstra,List,400,0.25,1,1.771,3368
BellmanFord,Matrix,400,0.25,1,36.193,2203
BellmanFord,List,400,0.25,1,37.112,3368
Prim,Matrix,400,0.25,2,18.41,760
Prim,List,400,0.25,2,2.126,690
Kruskal,Matrix,400,0.25,2,1.272,760
Kruskal,List,400,0.25,2,2.185,690
Dijkstra,Matrix,400,0.25,2,31.036,3055
Dijkstra,List,400,0.25,2,4.64,2943
BellmanFord,Matrix,400,0.25,2,45.444,3055
BellmanFord,List,400,0.25,2,37.09,2943
Prim,Matrix,400,0.25,3,19.324,724
Prim,List,400,0.25,3,2.103,718
Kruskal,Matrix,400,0.25,3,1.268,724
Kruskal,List,400,0.25,3,2.192,718
Dijkstra,Matrix,400,0.25,3,31.378,4686
Dijkstra,List,400,0.25,3,2.188,5931
BellmanFord,Matrix,400,0.25,3,37.573,4686
BellmanFord,List,400,0.25,3,38.45,5931
Prim,Matrix,400,0.25,4,20.064,720
Prim,List,400,0.25,4,2.185,745
Kruskal,Matrix,400,0.25,4,1.282,720
Kruskal,List,400,0.25,4,2.186,745
Dijkstra,Matrix,400,0.25,4,31.817,2955
Dijkstra,List,400,0.25,4,1.843,5000
BellmanFord,Matrix,400,0.25,4,36.158,2955
BellmanFord,List,400,0.25,4,37.721,5000
Prim,Matrix,400,0.25,5,20.843,692
Prim,List,400,0.25,5,2.42,706
Kruskal,Matrix,400,0.25,5,1.872,692
Kruskal,List,400,0.25,5,2.041,706
Dijkstra,Matrix,400,0.25,5,34.929,4355
Dijkstra,List,400,0.25,5,2.108,3904
BellmanFord,Matrix,400,0.25,5,38.798,4355
BellmanFord,List,400,0.25,5,39.888,3904
Prim,Matrix,400,0.25,6,19.692,722
Prim,List,400,0.25,6,2.288,694
Kruskal,Matrix,400,0.25,6,1.345,722
Kruskal,List,400,0.25,6,2.058,694
Dijkstra,Matrix,400,0.25,6,31.993,6673
Dijkstra,List,400,0.25,6,1.975,4794
BellmanFord,Matrix,400,0.25,6,36.778,6673
BellmanFord,List,400,0.25,6,38.119,4794
Prim,Matrix,400,0.25,7,18.555,716
Prim,List,400,0.25,7,2.026,753
Kruskal,Matrix,400,0.25,7,1.328,716
Kruskal,List,400,0.25,7,1.93,753
Dijkstra,Matrix,400,0.25,7,41.674,2931
Dijkstra,List,400,0.25,7,2,3113
BellmanFord,Matrix,400,0.25,7,36.137,2931
BellmanFord,List,400,0.25,7,36.975,3113
Prim,Matrix,400,0.25,8,19.951,697
Prim,List,400,0.25,8,2.799,733
Kruskal,Matrix,400,0.25,8,1.358,697
Kruskal,List,400,0.25,8,2.11,733
Dijkstra,Matrix,400,0.25,8,33.455,11695
Dijkstra,List,400,0.25,8,2.135,8560
BellmanFord,Matrix,400,0.25,8,36.994,11695
BellmanFord,List,400,0.25,8,37.054,8560
Prim,Matrix,400,0.25,9,18.554,714
Prim,List,400,0.25,9,2.052,731
Kruskal,Matrix,400,0.25,9,1.3,714
Kruskal,List,400,0.25,9,2.046,731
Dijkstra,Matrix,400,0.25,9,31.01,6633
Dijkstra,List,400,0.25,9,1.644,6352
BellmanFord,Matrix,400,0.25,9,36.455,6633
BellmanFord,List,400,0.25,9,41.157,6352
Prim,Matrix,400,0.25,10,18.892,734
Prim,List,400,0.25,10,2.005,739
Kruskal,Matrix,400,0.25,10,1.293,734
Kruskal,List,400,0.25,10,1.927,739
Dijkstra,Matrix,400,0.25,10,32.066,3273
Dijkstra,List,400,0.25,10,1.914,3268
BellmanFord,Matrix,400,0.25,10,36.37,3273
BellmanFord,List,400,0.25,10,37.171,3268
Prim,Matrix,400,0.25,11,18.587,741
Prim,List,400,0.25,11,2.055,792
Kruskal,Matrix,400,0.25,11,1.278,741
Kruskal,List,400,0.25,11,1.853,792
Dijkstra,Matrix,400,0.25,11,31.281,3282
Dijkstra,List,400,0.25,11,1.734,3048
BellmanFord,Matrix,400,0.25,11,35.864,3282
BellmanFord,List,400,0.25,11,39.486,3048
Prim,Matrix,400,0.25,12,18.377,719
Prim,List,400,0.25,12,1.982,726
Kruskal,Matrix,400,0.25,12,1.301,719
Kruskal,List,400,0.25,12,1.779,726
Dijkstra,Matrix,400,0.25,12,30.916,6847
Dijkstra,List,400,0.25,12,1.744,7116
BellmanFord,Matrix,400,0.25,12,36.079,6847
BellmanFord,List,400,0.25,12,37.267,7116
Prim,Matrix,400,0.25,13,19.727,711
Prim,List,400,0.25,13,2.347,806
Kruskal,Matrix,400,0.25,13,1.371,711
Kruskal,List,400,0.25,13,2.003,806
Dijkstra,Matrix,400,0.25,13,31.608,4161
Dijkstra,List,400,0.25,13,2.22,3821
BellmanFord,Matrix,400,0.25,13,36.775,4161
BellmanFord,List,400,0.25,13,37.458,3821
Prim,Matrix,400,0.25,14,19.312,727
Prim,List,400,0.25,14,2.055,750
Kruskal,Matrix,400,0.25,14,1.337,727
Kruskal,List,400,0.25,14,2.197,750
Dijkstra,Matrix,400,0.25,14,31.652,4938
Dijkstra,List,400,0.25,14,1.891,4346
BellmanFord,Matrix,400,0.25,14,36.064,4938
BellmanFord,List,400,0.25,14,44.669,4346
Prim,Matrix,400,0.25,15,18.496,717
Prim,List,400,0.25,15,1.999,746
Kruskal,Matrix,400,0.25,15,1.331,717
Kruskal,List,400,0.25,15,1.991,746
Dijkstra,Matrix,400,0.25,15,33.486,7114
Dijkstra,List,400,0.25,15,2.523,7682
BellmanFord,Matrix,400,0.25,15,38.901,7114
BellmanFord,List,400,0.25,15,38.346,7682
Prim,Matrix,400,0.25,16,20.776,761
Prim,List,400,0.25,16,2.614,788
Kruskal,Matrix,400,0.25,16,1.438,761
Kruskal,List,400,0.25,16,2.739,788
Dijkstra,Matrix,400,0.25,16,32.76,4017
Dijkstra,List,400,0.25,16,2.326,7869
BellmanFord,Matrix,400,0.25,16,39.317,4017
BellmanFord,List,400,0.25,16,39.283,7869
Prim,Matrix,400,0.25,17,20.125,753
Prim,List,400,0.25,17,2.664,746
Kruskal,Matrix,400,0.25,17,1.344,753
Kruskal,List,400,0.25,17,2.519,746
Dijkstra,Matrix,400,0.25,17,31.438,4073
Dijkstra,List,400,0.25,17,2.125,5201
BellmanFord,Matrix,400,0.25,17,37.193,4073
BellmanFord,List,400,0.25,17,39.627,5201
Prim,Matrix,400,0.25,18,19.413,749
Prim,List,400,0.25,18,2.115,808
Kruskal,Matrix,400,0.25,18,1.314,749
Kruskal,List,400,0.25,18,1.959,808
Dijkstra,Matrix,400,0.25,18,31.066,4357
Dijkstra,List,400,0.25,18,1.96,2807
BellmanFord,Matrix,400,0.25,18,36.334,4357
BellmanFord,List,400,0.25,18,36.787,2807
Prim,Matrix,400,0.25,19,19.431,758
Prim,List,400,0.25,19,2.426,728
Kruskal,Matrix,400,0.25,19,1.45,758
Kruskal,List,400,0.25,19,2.755,728
Dijkstra,Matrix,400,0.25,19,31.053,5038
Dijkstra,List,400,0.25,19,2.282,9443
BellmanFord,Matrix,400,0.25,19,40.745,5038
BellmanFord,List,400,0.25,19,38.584,9443
Prim,Matrix,400,0.25,20,18.461,778
Prim,List,400,0.25,20,2.038,680
Kruskal,Matrix,400,0.25,20,1.315,778
Kruskal,List,400,0.25,20,1.881,680
Dijkstra,Matrix,400,0.25,20,31.185,5920
Dijkstra,List,400,0.25,20,1.928,3917
BellmanFord,Matrix,400,0.25,20,36.096,5920
BellmanFord,List,400,0.25,20,36.947,3917
Prim,Matrix,400,0.25,21,18.331,717
Prim,List,400,0.25,21,1.993,754
Kruskal,Matrix,400,0.25,21,1.524,717
Kruskal,List,400,0.25,21,2.416,754
Dijkstra,Matrix,400,0.25,21,31.783,9657
Dijkstra,List,400,0.25,21,1.979,9919
BellmanFord,Matrix,400,0.25,21,38.606,9657
BellmanFord,List,400,0.25,21,38.303,9919
Prim,Matrix,400,0.25,22,19.424,755
Prim,List,400,0.25,22,2.668,713
Kruskal,Matrix,400,0.25,22,1.247,755
Kruskal,List,400,0.25,22,2.152,713
Dijkstra,Matrix,400,0.25,22,31.765,6276
Dijkstra,List,400,0.25,22,3.509,5382
BellmanFord,Matrix,400,0.25,22,39.43,6276
BellmanFord,List,400,0.25,22,40.354,5382
Prim,Matrix,400,0.25,23,19.874,718
Prim,List,400,0.25,23,2.519,743
Kruskal,Matrix,400,0.25,23,1.387,718
Kruskal,List,400,0.25,23,2.179,743
Dijkstra,Matrix,400,0.25,23,31.633,2413
Dijkstra,List,400,0.25,23,2.404,2950
BellmanFord,Matrix,400,0.25,23,35.926,2413
BellmanFord,List,400,0.25,23,36.752,2950
Prim,Matrix,400,0.25,24,19.85,731
Prim,List,400,0.25,24,2.017,752
Kruskal,Matrix,400,0.25,24,1.36,731
Kruskal,List,400,0.25,24,2.042,752
Dijkstra,Matrix,400,0.25,24,35.054,4594
Dijkstra,List,400,0.25,24,2.478,4396
BellmanFord,Matrix,400,0.25,24,38.384,4594
BellmanFord,List,400,0.25,24,41.541,4396
Prim,Matrix,400,0.25,25,19.158,750
Prim,List,400,0.25,25,2.593,708
Kruskal,Matrix,400,0.25,25,1.348,750
Kruskal,List,400,0.25,25,2.075,708
Dijkstra,Matrix,400,0.25,25,31.082,5402
Dijkstra,List,400,0.25,25,2.176,5838
BellmanFord,Matrix,400,0.25,25,37.51,5402
BellmanFord,List,400,0.25,25,38.268,5838
Prim,Matrix,400,0.25,26,20.201,741
Prim,List,400,0.25,26,2.672,771
Kruskal,Matrix,400,0.25,26,1.363,741
Kruskal,List,400,0.25,26,2.476,771
Dijkstra,Matrix,400,0.25,26,31.509,5853
Dijkstra,List,400,0.25,26,2.684,3771
BellmanFord,Matrix,400,0.25,26,36.909,5853
BellmanFord,List,400,0.25,26,38.416,3771
Prim,Matrix,400,0.25,27,19.015,674
Prim,List,400,0.25,27,2.083,720
Kruskal,Matrix,400,0.25,27,1.479,674
Kruskal,List,400,0.25,27,2,720
Dijkstra,Matrix,400,0.25,27,34.102,2981
Dijkstra,List,400,0.25,27,1.871,4051
BellmanFord,Matrix,400,0.25,27,39.735,2981
BellmanFord,List,400,0.25,27,39.762,4051
Prim,Matrix,400,0.25,28,20.066,780
Prim,List,400,0.25,28,2.488,701
Kruskal,Matrix,400,0.25,28,1.401,780
Kruskal,List,400,0.25,28,1.979,701
Dijkstra,Matrix,400,0.25,28,31.024,3711
Dijkstra,List,400,0.25,28,2.106,4757
BellmanFord,Matrix,400,0.25,28,35.994,3711
BellmanFord,List,400,0.25,28,37.616,4757
Prim,Matrix,400,0.25,29,20.046,716
Prim,List,400,0.25,29,2.1,778
Kruskal,Matrix,400,0.25,29,1.39,716
Kruskal,List,400,0.25,29,2.461,778
Dijkstra,Matrix,400,0.25,29,32.071,9568
Dijkstra,List,400,0.25,29,2.259,6418
BellmanFord,Matrix,400,0.25,29,36.432,9568
BellmanFord,List,400,0.25,29,40.109,6418
Prim,Matrix,400,0.25,30,19.276,756
Prim,List,400,0.25,30,2.407,741
Kruskal,Matrix,400,0.25,30,1.302,756
Kruskal,List,400,0.25,30,2.285,741
Dijkstra,Matrix,400,0.25,30,31.393,5949
Dijkstra,List,400,0.25,30,2.296,6029
BellmanFord,Matrix,400,0.25,30,36.788,5949
BellmanFord,List,400,0.25,30,38.179,6029
Prim,Matrix,400,0.25,31,18.68,710
Prim,List,400,0.25,31,2.603,752
Kruskal,Matrix,400,0.25,31,1.252,710
Kruskal,List,400,0.25,31,1.895,752
Dijkstra,Matrix,400,0.25,31,32.084,11535
Dijkstra,List,400,0.25,31,1.892,9440
BellmanFord,Matrix,400,0.25,31,43.161,11535
BellmanFord,List,400,0.25,31,38.078,9440
Prim,Matrix,400,0.25,32,20.11,698
Prim,List,400,0.25,32,2.74,728
Kruskal,Matrix,400,0.25,32,1.342,698
Kruskal,List,400,0.25,32,2.046,728
Dijkstra,Matrix,400,0.25,32,33.01,6152
Dijkstra,List,400,0.25,32,2.286,4564
BellmanFord,Matrix,400,0.25,32,37.958,6152
BellmanFord,List,400,0.25,32,39.227,4564
Prim,Matrix,400,0.25,33,19.493,707
Prim,List,400,0.25,33,1.984,782
Kruskal,Matrix,400,0.25,33,1.263,707
Kruskal,List,400,0.25,33,2.147,782
Dijkstra,Matrix,400,0.25,33,31.927,3828
Dijkstra,List,400,0.25,33,2.095,2635
BellmanFord,Matrix,400,0.25,33,36.513,3828
BellmanFord,List,400,0.25,33,37.726,2635
Prim,Matrix,400,0.25,34,22.558,754
Prim,List,400,0.25,34,2.52,703
Kruskal,Matrix,400,0.25,34,1.253,754
Kruskal,List,400,0.25,34,2.345,703
Dijkstra,Matrix,400,0.25,34,31.86,12526
Dijkstra,List,400,0.25,34,2.405,5759
BellmanFord,Matrix,400,0.25,34,36.371,12526
BellmanFord,List,400,0.25,34,37.82,5759
Prim,Matrix,400,0.25,35,18.981,781
Prim,List,400,0.25,35,1.958,743
Kruskal,Matrix,400,0.25,35,1.254,781
Kruskal,List,400,0.25,35,1.892,743
Dijkstra,Matrix,400,0.25,35,30.943,19272
Dijkstra,List,400,0.25,35,2.099,16190
BellmanFord,Matrix,400,0.25,35,36.525,19272
BellmanFord,List,400,0.25,35,37.425,16190
Prim,Matrix,400,0.25,36,19.391,741
Prim,List,400,0.25,36,2.565,752
Kruskal,Matrix,400,0.25,36,1.298,741
Kruskal,List,400,0.25,36,1.917,752
Dijkstra,Matrix,400,0.25,36,31.696,5885
Dijkstra,List,400,0.25,36,2.225,4571
BellmanFord,Matrix,400,0.25,36,35.941,5885
BellmanFord,List,400,0.25,36,38.268,4571
Prim,Matrix,400,0.25,37,24.372,742
Prim,List,400,0.25,37,1.967,750
Kruskal,Matrix,400,0.25,37,1.688,742
Kruskal,List,400,0.25,37,2.742,750
Dijkstra,Matrix,400,0.25,37,33.492,19179
Dijkstra,List,400,0.25,37,2.37,13721
BellmanFord,Matrix,400,0.25,37,39.298,19179
BellmanFord,List,400,0.25,37,38.922,13721
Prim,Matrix,400,0.25,38,19.668,706
Prim,List,400,0.25,38,2.414,707
Kruskal,Matrix,400,0.25,38,1.361,706
Kruskal,List,400,0.25,38,2.1,707
Dijkstra,Matrix,400,0.25,38,32.164,4045
Dijkstra,List,400,0.25,38,2.335,6141
BellmanFord,Matrix,400,0.25,38,35.883,4045
BellmanFord,List,400,0.25,38,38.749,6141
Prim,Matrix,400,0.25,39,20.048,727
Prim,List,400,0.25,39,2.594,711
Kruskal,Matrix,400,0.25,39,1.421,727
Kruskal,List,400,0.25,39,2.467,711
Dijkstra,Matrix,400,0.25,39,32.301,8570
Dijkstra,List,400,0.25,39,1.968,6716
BellmanFord,Matrix,400,0.25,39,36.755,8570
BellmanFord,List,400,0.25,39,40.225,6716
Prim,Matrix,400,0.25,40,19.275,732
Prim,List,400,0.25,40,2.541,730
Kruskal,Matrix,400,0.25,40,1.278,732
Kruskal,List,400,0.25,40,1.852,730
Dijkstra,Matrix,400,0.25,40,32.055,9427
Dijkstra,List,400,0.25,40,2.378,7301
BellmanFord,Matrix,400,0.25,40,36.606,9427
BellmanFord,List,400,0.25,40,37.702,7301
Prim,Matrix,400,0.25,41,18.992,710
Prim,List,400,0.25,41,3.19,745
Kruskal,Matrix,400,0.25,41,1.314,710
Kruskal,List,400,0.25,41,2.103,745
Dijkstra,Matrix,400,0.25,41,31.449,6483
Dijkstra,List,400,0.25,41,2.286,3734
BellmanFord,Matrix,400,0.25,41,37.629,6483
BellmanFord,List,400,0.25,41,38.889,3734
Prim,Matrix,400,0.25,42,21.939,668
Prim,List,400,0.25,42,2.446,742
Kruskal,Matrix,400,0.25,42,1.348,668
Kruskal,List,400,0.25,42,2.161,742
Dijkstra,Matrix,400,0.25,42,33.221,5372
Dijkstra,List,400,0.25,42,2.46,2679
BellmanFord,Matrix,400,0.25,42,37.842,5372
BellmanFord,List,400,0.25,42,38.331,2679
Prim,Matrix,400,0.25,43,19.089,709
Prim,List,400,0.25,43,2.271,721
Kruskal,Matrix,400,0.25,43,1.248,709
Kruskal,List,400,0.25,43,1.917,721
Dijkstra,Matrix,400,0.25,43,32.279,8253
Dijkstra,List,400,0.25,43,2.323,5086
BellmanFord,Matrix,400,0.25,43,37.21,8253
BellmanFord,List,400,0.25,43,40.438,5086
Prim,Matrix,400,0.25,44,18.923,734
Prim,List,400,0.25,44,3.108,739
Kruskal,Matrix,400,0.25,44,1.3,734
Kruskal,List,400,0.25,44,2.273,739
Dijkstra,Matrix,400,0.25,44,31.293,2890
Dijkstra,List,400,0.25,44,2.251,4228
BellmanFord,Matrix,400,0.25,44,37.628,2890
BellmanFord,List,400,0.25,44,38.428,4228
Prim,Matrix,400,0.25,45,19.164,765
Prim,List,400,0.25,45,2.864,723
Kruskal,Matrix,400,0.25,45,1.333,765
Kruskal,List,400,0.25,45,1.919,723
Dijkstra,Matrix,400,0.25,45,31.114,5086
Dijkstra,List,400,0.25,45,1.962,4736
BellmanFord,Matrix,400,0.25,45,37.1,5086
BellmanFord,List,400,0.25,45,38.288,4736
Prim,Matrix,400,0.25,46,19.832,731
Prim,List,400,0.25,46,2.626,718
Kruskal,Matrix,400,0.25,46,1.373,731
Kruskal,List,400,0.25,46,1.895,718
Dijkstra,Matrix,400,0.25,46,31.38,2376
Dijkstra,List,400,0.25,46,2.591,3532
BellmanFord,Matrix,400,0.25,46,37.068,2376
BellmanFord,List,400,0.25,46,36.918,3532
Prim,Matrix,400,0.25,47,19.477,707
Prim,List,400,0.25,47,2.063,721
Kruskal,Matrix,400,0.25,47,1.35,707
Kruskal,List,400,0.25,47,1.799,721
Dijkstra,Matrix,400,0.25,47,32.015,5957
Dijkstra,List,400,0.25,47,2.048,8316
BellmanFord,Matrix,400,0.25,47,36.421,5957
BellmanFord,List,400,0.25,47,36.914,8316
Prim,Matrix,400,0.25,48,18.618,752
Prim,List,400,0.25,48,1.803,749
Kruskal,Matrix,400,0.25,48,1.453,752
Kruskal,List,400,0.25,48,1.848,749
Dijkstra,Matrix,400,0.25,48,30.857,2528
Dijkstra,List,400,0.25,48,1.422,2833
BellmanFord,Matrix,400,0.25,48,36.393,2528
BellmanFord,List,400,0.25,48,36.848,2833
Prim,Matrix,400,0.25,49,18.635,747
Prim,List,400,0.25,49,1.885,713
Kruskal,Matrix,400,0.25,49,1.266,747
Kruskal,List,400,0.25,49,1.76,713
Dijkstra,Matrix,400,0.25,49,30.867,3162
Dijkstra,List,400,0.25,49,1.484,4001
BellmanFord,Matrix,400,0.25,49,36.168,3162
BellmanFord,List,400,0.25,49,37.601,4001
Prim,Matrix,400,0.5,0,36.673,502
Prim,List,400,0.5,0,4.457,495
Kruskal,Matrix,400,0.5,0,2.608,502
Kruskal,List,400,0.5,0,3.949,495
Dijkstra,Matrix,400,0.5,0,62.37,1920
Dijkstra,List,400,0.5,0,4.818,1894
BellmanFord,Matrix,400,0.5,0,72.853,1920
BellmanFord,List,400,0.5,0,76.081,1894
Prim,Matrix,400,0.5,1,37.032,484
Prim,List,400,0.5,1,3.736,489
Kruskal,Matrix,400,0.5,1,2.531,484
Kruskal,List,400,0.5,1,4.123,489
Dijkstra,Matrix,400,0.5,1,62.108,3054
Dijkstra,List,400,0.5,1,4.5,3615
BellmanFord,Matrix,400,0.5,1,72.293,3054
BellmanFord,List,400,0.5,1,74.2,3615
Prim,Matrix,400,0.5,2,36.881,517
Prim,List,400,0.5,2,4.434,494
Kruskal,Matrix,400,0.5,2,2.64,517
Kruskal,List,400,0.5,2,3.906,494
Dijkstra,Matrix,400,0.5,2,63.285,3445
Dijkstra,List,400,0.5,2,4.747,4512
BellmanFord,Matrix,400,0.5,2,71.8,3445
BellmanFord,List,400,0.5,2,74.017,4512
Prim,Matrix,400,0.5,3,36.803,528
Prim,List,400,0.5,3,3.916,472
Kruskal,Matrix,400,0.5,3,2.58,528
Kruskal,List,400,0.5,3,4.029,472
Dijkstra,Matrix,400,0.5,3,61.83,2020
Dijkstra,List,400,0.5,3,4.372,2155
BellmanFord,Matrix,400,0.5,3,72.554,2020
BellmanFord,List,400,0.5,3,73.798,2155
Prim,Matrix,400,0.5,4,43.935,493
Prim,List,400,0.5,4,4.735,476
Kruskal,Matrix,400,0.5,4,2.596,493
Kruskal,List,400,0.5,4,4.15,476
Dijkstra,Matrix,400,0.5,4,62.171,2121
Dijkstra,List,400,0.5,4,4.764,2349
BellmanFord,Matrix,400,0.5,4,72.418,2121
BellmanFord,List,400,0.5,4,73.566,2349
Prim,Matrix,400,0.5,5,36.568,508
Prim,List,400,0.5,5,4.316,500
Kruskal,Matrix,400,0.5,5,2.612,508
Kruskal,List,400,0.5,5,3.924,500
Dijkstra,Matrix,400,0.5,5,61.727,2007
Dijkstra,List,400,0.5,5,4.128,2249
BellmanFord,Matrix,400,0.5,5,72.412,2007
BellmanFord,List,400,0.5,5,75.188,2249
Prim,Matrix,400,0.5,6,39.204,482
Prim,List,400,0.5,6,3.135,496
Kruskal,Matrix,400,0.5,6,2.606,482
Kruskal,List,400,0.5,6,4.268,496
Dijkstra,Matrix,400,0.5,6,63.329,2302
Dijkstra,List,400,0.5,6,5.134,4852
BellmanFord,Matrix,400,0.5,6,74.683,2302
BellmanFord,List,400,0.5,6,79.622,4852
Prim,Matrix,400,0.5,7,37.859,486
Prim,List,400,0.5,7,4.859,487
Kruskal,Matrix,400,0.5,7,2.581,486
Kruskal,List,400,0.5,7,3.886,487
Dijkstra,Matrix,400,0.5,7,61.894,2324
Dijkstra,List,400,0.5,7,3.766,2063
BellmanFord,Matrix,400,0.5,7,72.899,2324
BellmanFord,List,400,0.5,7,74.124,2063
Prim,Matrix,400,0.5,8,36.851,505
Prim,List,400,0.5,8,3.23,477
Kruskal,Matrix,400,0.5,8,2.6,505
Kruskal,List,400,0.5,8,3.807,477
Dijkstra,Matrix,400,0.5,8,62.175,2587
Dijkstra,List,400,0.5,8,3.696,4624
BellmanFord,Matrix,400,0.5,8,73.383,2587
BellmanFord,List,400,0.5,8,74.079,4624
Prim,Matrix,400,0.5,9,36.737,498
Prim,List,400,0.5,9,3.465,497
Kruskal,Matrix,400,0.5,9,2.627,498
Kruskal,List,400,0.5,9,3.853,497
Dijkstra,Matrix,400,0.5,9,62.148,2397
Dijkstra,List,400,0.5,9,4.832,2363
BellmanFord,Matrix,400,0.5,9,73.415,2397
BellmanFord,List,400,0.5,9,75.089,2363
Prim,Matrix,400,0.5,10,36.887,501
Prim,List,400,0.5,10,4.261,501
Kruskal,Matrix,400,0.5,10,2.705,501
Kruskal,List,400,0.5,10,4.056,501
Dijkstra,Matrix,400,0.5,10,61.741,5657
Dijkstra,List,400,0.5,10,3.779,2925
BellmanFord,Matrix,400,0.5,10,72.798,5657
BellmanFord,List,400,0.5,10,74.834,2925
Prim,Matrix,400,0.5,11,36.924,477
Prim,List,400,0.5,11,3.138,506
Kruskal,Matrix,400,0.5,11,2.536,477
Kruskal,List,400,0.5,11,3.848,506
Dijkstra,Matrix,400,0.5,11,61.886,1972
Dijkstra,List,400,0.5,11,3.548,2280
BellmanFord,Matrix,400,0.5,11,72.709,1972
BellmanFord,List,400,0.5,11,75.08,2280
Prim,Matrix,400,0.5,12,37.088,487
Prim,List,400,0.5,12,3.215,498
Kruskal,Matrix,400,0.5,12,2.659,487
Kruskal,List,400,0.5,12,3.918,498
Dijkstra,Matrix,400,0.5,12,63.012,2931
Dijkstra,List,400,0.5,12,3.986,3584
BellmanFord,Matrix,400,0.5,12,73.292,2931
BellmanFord,List,400,0.5,12,74.869,3584
Prim,Matrix,400,0.5,13,37.058,481
Prim,List,400,0.5,13,4.337,468
Kruskal,Matrix,400,0.5,13,2.615,481
Kruskal,List,400,0.5,13,4.017,468
Dijkstra,Matrix,400,0.5,13,61.842,4585
Dijkstra,List,400,0.5,13,4.523,4957
BellmanFord,Matrix,400,0.5,13,72.277,4585
BellmanFord,List,400,0.5,13,73.723,4957
Prim,Matrix,400,0.5,14,36.913,508
Prim,List,400,0.5,14,3.058,477
Kruskal,Matrix,400,0.5,14,2.551,508
Kruskal,List,400,0.5,14,3.908,477
Dijkstra,Matrix,400,0.5,14,61.779,2020
Dijkstra,List,400,0.5,14,4.358,2275
BellmanFord,Matrix,400,0.5,14,73.221,2020
BellmanFord,List,400,0.5,14,74.996,2275
Prim,Matrix,400,0.5,15,37.176,496
Prim,List,400,0.5,15,3.574,505
Kruskal,Matrix,400,0.5,15,2.575,496
Kruskal,List,400,0.5,15,3.99,505
Dijkstra,Matrix,400,0.5,15,62.385,3068
Dijkstra,List,400,0.5,15,4.958,4396
BellmanFord,Matrix,400,0.5,15,72.832,3068
BellmanFord,List,400,0.5,15,75.436,4396
Prim,Matrix,400,0.5,16,37.307,492
Prim,List,400,0.5,16,4.525,494
Kruskal,Matrix,400,0.5,16,2.555,492
Kruskal,List,400,0.5,16,3.925,494
Dijkstra,Matrix,400,0.5,16,62.411,3180
Dijkstra,List,400,0.5,16,4.838,4976
BellmanFord,Matrix,400,0.5,16,73.068,3180
BellmanFord,List,400,0.5,16,75.88,4976
Prim,Matrix,400,0.5,17,37.398,473
Prim,List,400,0.5,17,4.412,500
Kruskal,Matrix,400,0.5,17,2.68,473
Kruskal,List,400,0.5,17,3.964,500
Dijkstra,Matrix,400,0.5,17,64.194,1974
Dijkstra,List,400,0.5,17,3.964,1920
BellmanFord,Matrix,400,0.5,17,73.316,1974
BellmanFord,List,400,0.5,17,75.034,1920
Prim,Matrix,400,0.5,18,38.035,511
Prim,List,400,0.5,18,5.154,491
Kruskal,Matrix,400,0.5,18,2.511,511
Kruskal,List,400,0.5,18,4.235,491
Dijkstra,Matrix,400,0.5,18,63.201,1926
Dijkstra,List,400,0.5,18,4.858,1936
BellmanFord,Matrix,400,0.5,18,74.1,1926
BellmanFord,List,400,0.5,18,85.628,1936
Prim,Matrix,400,0.5,19,45.322,496
Prim,List,400,0.5,19,5.713,503
Kruskal,Matrix,400,0.5,19,2.819,496
Kruskal,List,400,0.5,19,5.008,503
Dijkstra,Matrix,400,0.5,19,66.725,2084
Dijkstra,List,400,0.5,19,9.676,3214
BellmanFord,Matrix,400,0.5,19,82.734,2084
BellmanFord,List,400,0.5,19,80.045,3214
Prim,Matrix,400,0.5,20,41.149,502
Prim,List,400,0.5,20,6.481,480
Kruskal,Matrix,400,0.5,20,2.626,502
Kruskal,List,400,0.5,20,4.792,480
Dijkstra,Matrix,400,0.5,20,65.263,2043
Dijkstra,List,400,0.5,20,5.219,2064
BellmanFord,Matrix,400,0.5,20,76.886,2043
BellmanFord,List,400,0.5,20,75.318,2064
Prim,Matrix,400,0.5,21,39.548,514
Prim,List,400,0.5,21,5.701,496
Kruskal,Matrix,400,0.5,21,2.877,514
Kruskal,List,400,0.5,21,4.948,496
Dijkstra,Matrix,400,0.5,21,66.288,2617
Dijkstra,List,400,0.5,21,4.9,2853
BellmanFord,Matrix,400,0.5,21,77.224,2617
BellmanFord,List,400,0.5,21,79.792,2853
Prim,Matrix,400,0.5,22,38.251,505
Prim,List,400,0.5,22,5.693,501
Kruskal,Matrix,400,0.5,22,2.588,505
Kruskal,List,400,0.5,22,4.063,501
Dijkstra,Matrix,400,0.5,22,63.947,1807
Dijkstra,List,400,0.5,22,4.789,1701
BellmanFord,Matrix,400,0.5,22,74.847,1807
BellmanFord,List,400,0.5,22,76.613,1701
Prim,Matrix,400,0.5,23,37.756,493
Prim,List,400,0.5,23,5.39,504
Kruskal,Matrix,400,0.5,23,2.622,493
Kruskal,List,400,0.5,23,4.67,504
Dijkstra,Matrix,400,0.5,23,76.931,3170
Dijkstra,List,400,0.5,23,4.976,3982
BellmanFord,Matrix,400,0.5,23,78.856,3170
BellmanFord,List,400,0.5,23,82.343,3982
Prim,Matrix,400,0.5,24,38.844,517
Prim,List,400,0.5,24,5.416,475
Kruskal,Matrix,400,0.5,24,2.647,517
Kruskal,List,400,0.5,24,4.57,475
Dijkstra,Matrix,400,0.5,24,65.159,2200
Dijkstra,List,400,0.5,24,4.768,2646
BellmanFord,Matrix,400,0.5,24,73.957,2200
BellmanFord,List,400,0.5,24,77.288,2646
Prim,Matrix,400,0.5,25,38.283,480
Prim,List,400,0.5,25,5.965,498
Kruskal,Matrix,400,0.5,25,2.632,480
Kruskal,List,400,0.5,25,4.418,498
Dijkstra,Matrix,400,0.5,25,63.799,3722
Dijkstra,List,400,0.5,25,5.195,4085
BellmanFord,Matrix,400,0.5,25,74.39,3722
BellmanFord,List,400,0.5,25,75.924,4085
Prim,Matrix,400,0.5,26,37.649,520
Prim,List,400,0.5,26,5.666,485
Kruskal,Matrix,400,0.5,26,2.672,520
Kruskal,List,400,0.5,26,4.236,485
Dijkstra,Matrix,400,0.5,26,64.363,3177
Dijkstra,List,400,0.5,26,4.898,2932
BellmanFord,Matrix,400,0.5,26,74.494,3177
BellmanFord,List,400,0.5,26,76.886,2932
Prim,Matrix,400,0.5,27,37.469,492
Prim,List,400,0.5,27,4.451,497
Kruskal,Matrix,400,0.5,27,2.587,492
Kruskal,List,400,0.5,27,4.953,497
Dijkstra,Matrix,400,0.5,27,67.588,3265
Dijkstra,List,400,0.5,27,5.074,2904
BellmanFord,Matrix,400,0.5,27,78.444,3265
BellmanFord,List,400,0.5,27,80.781,2904
Prim,Matrix,400,0.5,28,40.466,501
Prim,List,400,0.5,28,5.453,487
Kruskal,Matrix,400,0.5,28,2.874,501
Kruskal,List,400,0.5,28,4.376,487
Dijkstra,Matrix,400,0.5,28,68.663,2309
Dijkstra,List,400,0.5,28,4.9,1982
BellmanFord,Matrix,400,0.5,28,79.46,2309
BellmanFord,List,400,0.5,28,81.482,1982
Prim,Matrix,400,0.5,29,38.843,482
Prim,List,400,0.5,29,5.735,481
Kruskal,Matrix,400,0.5,29,2.648,482
Kruskal,List,400,0.5,29,4.299,481
Dijkstra,Matrix,400,0.5,29,64.684,1874
Dijkstra,List,400,0.5,29,4.574,1864
BellmanFord,Matrix,400,0.5,29,77.574,1874
BellmanFord,List,400,0.5,29,86.85,1864
Prim,Matrix,400,0.5,30,38.152,490
Prim,List,400,0.5,30,5.561,467
Kruskal,Matrix,400,0.5,30,2.534,490
Kruskal,List,400,0.5,30,5.327,467
Dijkstra,Matrix,400,0.5,30,64.301,4270
Dijkstra,List,400,0.5,30,5.895,2848
BellmanFord,Matrix,400,0.5,30,74.839,4270
BellmanFord,List,400,0.5,30,76.279,2848
Prim,Matrix,400,0.5,31,38.545,502
Prim,List,400,0.5,31,5.554,499
Kruskal,Matrix,400,0.5,31,2.713,502
Kruskal,List,400,0.5,31,4.582,499
Dijkstra,Matrix,400,0.5,31,66.667,1997
Dijkstra,List,400,0.5,31,5.304,2574
BellmanFord,Matrix,400,0.5,31,78.198,1997
BellmanFord,List,400,0.5,31,79.146,2574
Prim,Matrix,400,0.5,32,40.337,479
Prim,List,400,0.5,32,5.797,469
Kruskal,Matrix,400,0.5,32,2.862,479
Kruskal,List,400,0.5,32,6.385,469
Dijkstra,Matrix,400,0.5,32,66.229,3296
Dijkstra,List,400,0.5,32,4.684,3627
BellmanFord,Matrix,400,0.5,32,74.392,3296
BellmanFord,List,400,0.5,32,76.159,3627
Prim,Matrix,400,0.5,33,37.44,470
Prim,List,400,0.5,33,6.08,484
Kruskal,Matrix,400,0.5,33,2.486,470
Kruskal,List,400,0.5,33,4.283,484
Dijkstra,Matrix,400,0.5,33,64.726,3701
Dijkstra,List,400,0.5,33,4.474,2163
BellmanFord,Matrix,400,0.5,33,74.631,3701
BellmanFord,List,400,0.5,33,88.806,2163
Prim,Matrix,400,0.5,34,40.198,480
Prim,List,400,0.5,34,5.38,496
Kruskal,Matrix,400,0.5,34,2.842,480
Kruskal,List,400,0.5,34,4.854,496
Dijkstra,Matrix,400,0.5,34,63.188,4064
Dijkstra,List,400,0.5,34,5.168,3839
BellmanFord,Matrix,400,0.5,34,73.944,4064
BellmanFord,List,400,0.5,34,76.417,3839
Prim,Matrix,400,0.5,35,37.759,506
Prim,List,400,0.5,35,5.145,503
Kruskal,Matrix,400,0.5,35,2.591,506
Kruskal,List,400,0.5,35,4.09,503
Dijkstra,Matrix,400,0.5,35,63.266,2903
Dijkstra,List,400,0.5,35,4.479,2063
BellmanFord,Matrix,400,0.5,35,73.887,2903
BellmanFord,List,400,0.5,35,75.855,2063
Prim,Matrix,400,0.5,36,37.308,491
Prim,List,400,0.5,36,6.355,507
Kruskal,Matrix,400,0.5,36,2.541,491
Kruskal,List,400,0.5,36,5.455,507
Dijkstra,Matrix,400,0.5,36,65.864,2032
Dijkstra,List,400,0.5,36,4.921,1735
BellmanFord,Matrix,400,0.5,36,76.645,2032
BellmanFord,List,400,0.5,36,78.588,1735
Prim,Matrix,400,0.5,37,37.283,506
Prim,List,400,0.5,37,5.501,494
Kruskal,Matrix,400,0.5,37,2.791,506
Kruskal,List,400,0.5,37,4.58,494
Dijkstra,Matrix,400,0.5,37,62.119,2074
Dijkstra,List,400,0.5,37,5.233,2349
BellmanFord,Matrix,400,0.5,37,72.768,2074
BellmanFord,List,400,0.5,37,75.602,2349
Prim,Matrix,400,0.5,38,39.837,515
Prim,List,400,0.5,38,6.85,527
Kruskal,Matrix,400,0.5,38,2.765,515
Kruskal,List,400,0.5,38,4.287,527
Dijkstra,Matrix,400,0.5,38,67.9,2546
Dijkstra,List,400,0.5,38,5.413,4085
BellmanFord,Matrix,400,0.5,38,72.492,2546
BellmanFord,List,400,0.5,38,75.977,4085
Prim,Matrix,400,0.5,39,37.346,486
Prim,List,400,0.5,39,5.702,482
Kruskal,Matrix,400,0.5,39,2.558,486
Kruskal,List,400,0.5,39,4.165,482
Dijkstra,Matrix,400,0.5,39,63.271,2746
Dijkstra,List,400,0.5,39,5.148,2424
BellmanFord,Matrix,400,0.5,39,72.55,2746
BellmanFord,List,400,0.5,39,76.265,2424
Prim,Matrix,400,0.5,40,37.725,489
Prim,List,400,0.5,40,5.204,492
Kruskal,Matrix,400,0.5,40,2.649,489
Kruskal,List,400,0.5,40,4.328,492
Dijkstra,Matrix,400,0.5,40,62.631,2139
Dijkstra,List,400,0.5,40,4.904,1921
BellmanFord,Matrix,400,0.5,40,73.008,2139
BellmanFord,List,400,0.5,40,75.459,1921
Prim,Matrix,400,0.5,41,38.899,487
Prim,List,400,0.5,41,5.892,478
Kruskal,Matrix,400,0.5,41,2.545,487
Kruskal,List,400,0.5,41,4.817,478
Dijkstra,Matrix,400,0.5,41,63.917,3974
Dijkstra,List,400,0.5,41,4.602,7837
BellmanFord,Matrix,400,0.5,41,72.854,3974
BellmanFord,List,400,0.5,41,76.005,7837
Prim,Matrix,400,0.5,42,37.544,480
Prim,List,400,0.5,42,6.278,488
Kruskal,Matrix,400,0.5,42,2.746,480
Kruskal,List,400,0.5,42,4.345,488
Dijkstra,Matrix,400,0.5,42,63.002,2779
Dijkstra,List,400,0.5,42,4.489,3417
BellmanFord,Matrix,400,0.5,42,73.426,2779
BellmanFord,List,400,0.5,42,75.929,3417
Prim,Matrix,400,0.5,43,37.709,485
Prim,List,400,0.5,43,5.596,490
Kruskal,Matrix,400,0.5,43,2.583,485
Kruskal,List,400,0.5,43,4.296,490
Dijkstra,Matrix,400,0.5,43,62.892,3298
Dijkstra,List,400,0.5,43,4.487,2299
BellmanFord,Matrix,400,0.5,43,72.741,3298
BellmanFord,List,400,0.5,43,75.686,2299
Prim,Matrix,400,0.5,44,37.302,489
Prim,List,400,0.5,44,5.139,494
Kruskal,Matrix,400,0.5,44,2.549,489
Kruskal,List,400,0.5,44,4.234,494
Dijkstra,Matrix,400,0.5,44,62.95,2582
Dijkstra,List,400,0.5,44,4.613,2581
BellmanFord,Matrix,400,0.5,44,72.262,2582
BellmanFord,List,400,0.5,44,76.76,2581
Prim,Matrix,400,0.5,45,40.073,483
Prim,List,400,0.5,45,5.249,482
Kruskal,Matrix,400,0.5,45,2.67,483
Kruskal,List,400,0.5,45,4.66,482
Dijkstra,Matrix,400,0.5,45,62.52,1988
Dijkstra,List,400,0.5,45,4.746,2176
BellmanFord,Matrix,400,0.5,45,72.68,1988
BellmanFord,List,400,0.5,45,74.86,2176
Prim,Matrix,400,0.5,46,41.785,495
Prim,List,400,0.5,46,5.596,478
Kruskal,Matrix,400,0.5,46,2.702,495
Kruskal,List,400,0.5,46,4.708,478
Dijkstra,Matrix,400,0.5,46,67.448,2524
Dijkstra,List,400,0.5,46,5.199,3214
BellmanFord,Matrix,400,0.5,46,84.336,2524
BellmanFord,List,400,0.5,46,78.843,3214
Prim,Matrix,400,0.5,47,36.846,485
Prim,List,400,0.5,47,3.341,497
Kruskal,Matrix,400,0.5,47,2.847,485
Kruskal,List,400,0.5,47,3.839,497
Dijkstra,Matrix,400,0.5,47,61.68,2093
Dijkstra,List,400,0.5,47,3.988,2061
BellmanFord,Matrix,400,0.5,47,85.63,2093
BellmanFord,List,400,0.5,47,78.401,2061
Prim,Matrix,400,0.5,48,38.015,476
Prim,List,400,0.5,48,4.494,491
Kruskal,Matrix,400,0.5,48,2.55,476
Kruskal,List,400,0.5,48,4.192,491
Dijkstra,Matrix,400,0.5,48,75.544,2290
Dijkstra,List,400,0.5,48,4.149,2475
BellmanFord,Matrix,400,0.5,48,72.399,2290
BellmanFord,List,400,0.5,48,75.589,2475
Prim,Matrix,400,0.5,49,40.237,497
Prim,List,400,0.5,49,6.192,516
Kruskal,Matrix,400,0.5,49,2.721,497
Kruskal,List,400,0.5,49,4.777,516
Dijkstra,Matrix,400,0.5,49,65.45,2136
Dijkstra,List,400,0.5,49,4.528,2236
BellmanFord,Matrix,400,0.5,49,72.564,2136
BellmanFord,List,400,0.5,49,75.774,2236
Prim,Matrix,400,0.99,0,74.479,406
Prim,List,400,0.99,0,9.599,407
Kruskal,Matrix,400,0.99,0,5.447,406
Kruskal,List,400,0.99,0,8.851,407
Dijkstra,Matrix,400,0.99,0,122.349,1657
Dijkstra,List,400,0.99,0,8.495,1593
BellmanFord,Matrix,400,0.99,0,145.321,1657
BellmanFord,List,400,0.99,0,148.43,1593
Prim,Matrix,400,0.99,1,72.334,409
Prim,List,400,0.99,1,8.309,408
Kruskal,Matrix,400,0.99,1,5.21,409
Kruskal,List,400,0.99,1,7.962,408
Dijkstra,Matrix,400,0.99,1,123.753,1719
Dijkstra,List,400,0.99,1,9.972,1729
BellmanFord,Matrix,400,0.99,1,144.129,1719
BellmanFord,List,400,0.99,1,148.237,1729
Prim,Matrix,400,0.99,2,72.102,411
Prim,List,400,0.99,2,8.252,404
Kruskal,Matrix,400,0.99,2,5.7,411
Kruskal,List,400,0.99,2,8.184,404
Dijkstra,Matrix,400,0.99,2,122.731,1556
Dijkstra,List,400,0.99,2,7.574,1504
BellmanFord,Matrix,400,0.99,2,148.393,1556
BellmanFord,List,400,0.99,2,150.016,1504
Prim,Matrix,400,0.99,3,72.185,408
Prim,List,400,0.99,3,8.252,406
Kruskal,Matrix,400,0.99,3,5.179,408
Kruskal,List,400,0.99,3,7.816,406
Dijkstra,Matrix,400,0.99,3,125.572,1615
Dijkstra,List,400,0.99,3,7.888,1752
BellmanFord,Matrix,400,0.99,3,147.041,1615
BellmanFord,List,400,0.99,3,154.42,1752
Prim,Matrix,400,0.99,4,78.973,403
Prim,List,400,0.99,4,9.707,410
Kruskal,Matrix,400,0.99,4,5.388,403
Kruskal,List,400,0.99,4,8.507,410
Dijkstra,Matrix,400,0.99,4,123.445,1527
Dijkstra,List,400,0.99,4,8.15,1843
BellmanFord,Matrix,400,0.99,4,145.043,1527
BellmanFord,List,400,0.99,4,148.6,1843
Prim,Matrix,400,0.99,5,73.308,400
Prim,List,400,0.99,5,7.891,409
Kruskal,Matrix,400,0.99,5,5.237,400
Kruskal,List,400,0.99,5,7.926,409
Dijkstra,Matrix,400,0.99,5,130.314,1680
Dijkstra,List,400,0.99,5,8.652,1514
BellmanFord,Matrix,400,0.99,5,145.073,1680
BellmanFord,List,400,0.99,5,150.22,1514
Prim,Matrix,400,0.99,6,73.886,405
Prim,List,400,0.99,6,8.336,403
Kruskal,Matrix,400,0.99,6,5.321,405
Kruskal,List,400,0.99,6,8.525,403
Dijkstra,Matrix,400,0.99,6,123.012,1710
Dijkstra,List,400,0.99,6,9.773,1686
BellmanFord,Matrix,400,0.99,6,145.488,1710
BellmanFord,List,400,0.99,6,156.038,1686
Prim,Matrix,400,0.99,7,80.714,406
Prim,List,400,0.99,7,12.475,407
Kruskal,Matrix,400,0.99,7,5.613,406
Kruskal,List,400,0.99,7,16.201,407
Dijkstra,Matrix,400,0.99,7,130.715,1593
Dijkstra,List,400,0.99,7,12.204,1625
BellmanFord,Matrix,400,0.99,7,154.754,1593
BellmanFord,List,400,0.99,7,160.718,1625
Prim,Matrix,400,0.99,8,78.357,406
Prim,List,400,0.99,8,11.353,411
Kruskal,Matrix,400,0.99,8,5.678,406
Kruskal,List,400,0.99,8,10.525,411
Dijkstra,Matrix,400,0.99,8,126.667,1604
Dijkstra,List,400,0.99,8,12.338,1541
BellmanFord,Matrix,400,0.99,8,167.238,1604
BellmanFord,List,400,0.99,8,155.542,1541
Prim,Matrix,400,0.99,9,78.082,408
Prim,List,400,0.99,9,13.08,406
Kruskal,Matrix,400,0.99,9,5.754,408
Kruskal,List,400,0.99,9,11.684,406
Dijkstra,Matrix,400,0.99,9,133.466,1564
Dijkstra,List,400,0.99,9,11.217,1857
BellmanFord,Matrix,400,0.99,9,144.417,1564
BellmanFord,List,400,0.99,9,154.56,1857
Prim,Matrix,400,0.99,10,80.19,410
Prim,List,400,0.99,10,13.718,400
Kruskal,Matrix,400,0.99,10,5.692,410
Kruskal,List,400,0.99,10,11.838,400
Dijkstra,Matrix,400,0.99,10,135.379,1527
Dijkstra,List,400,0.99,10,12.893,1687
BellmanFord,Matrix,400,0.99,10,153.936,1527
BellmanFord,List,400,0.99,10,160.604,1687
Prim,Matrix,400,0.99,11,73.52,410
Prim,List,400,0.99,11,11.709,410
Kruskal,Matrix,400,0.99,11,5.226,410
Kruskal,List,400,0.99,11,11.074,410
Dijkstra,Matrix,400,0.99,11,127.896,1690
Dijkstra,List,400,0.99,11,10.133,1537
BellmanFord,Matrix,400,0.99,11,146.792,1690
BellmanFord,List,400,0.99,11,160.723,1537
Prim,Matrix,400,0.99,12,77.288,415
Prim,List,400,0.99,12,10.008,407
Kruskal,Matrix,400,0.99,12,5.245,415
Kruskal,List,400,0.99,12,8.378,407
Dijkstra,Matrix,400,0.99,12,123.124,1600
Dijkstra,List,400,0.99,12,8.838,1744
BellmanFord,Matrix,400,0.99,12,144.875,1600
BellmanFord,List,400,0.99,12,153.179,1744
Prim,Matrix,400,0.99,13,75.008,404
Prim,List,400,0.99,13,10.089,403
Kruskal,Matrix,400,0.99,13,5.317,404
Kruskal,List,400,0.99,13,8.934,403
Dijkstra,Matrix,400,0.99,13,123.949,1618
Dijkstra,List,400,0.99,13,9.352,1490
BellmanFord,Matrix,400,0.99,13,143.899,1618
BellmanFord,List,400,0.99,13,152.092,1490
Prim,Matrix,400,0.99,14,75.767,404
Prim,List,400,0.99,14,8.264,416
Kruskal,Matrix,400,0.99,14,5.439,404
Kruskal,List,400,0.99,14,7.806,416
Dijkstra,Matrix,400,0.99,14,127.364,1784
Dijkstra,List,400,0.99,14,10.866,1506
BellmanFord,Matrix,400,0.99,14,148.226,1784
BellmanFord,List,400,0.99,14,152.753,1506
Prim,Matrix,400,0.99,15,74.971,408
Prim,List,400,0.99,15,8.197,411
Kruskal,Matrix,400,0.99,15,5.128,408
Kruskal,List,400,0.99,15,7.788,411
Dijkstra,Matrix,400,0.99,15,123.536,1439
Dijkstra,List,400,0.99,15,7.889,1714
BellmanFord,Matrix,400,0.99,15,164.442,1439
BellmanFord,List,400,0.99,15,157.056,1714
Prim,Matrix,400,0.99,16,76.075,406
Prim,List,400,0.99,16,8.474,411
Kruskal,Matrix,400,0.99,16,5.24,406
Kruskal,List,400,0.99,16,8.215,411
Dijkstra,Matrix,400,0.99,16,123.717,1666
Dijkstra,List,400,0.99,16,8.587,1591
BellmanFord,Matrix,400,0.99,16,143.589,1666
BellmanFord,List,400,0.99,16,148.281,1591
Prim,Matrix,400,0.99,17,72.647,406
Prim,List,400,0.99,17,8.693,406
Kruskal,Matrix,400,0.99,17,5.297,406
Kruskal,List,400,0.99,17,8.007,406
Dijkstra,Matrix,400,0.99,17,124.279,1684
Dijkstra,List,400,0.99,17,8.385,1504
BellmanFord,Matrix,400,0.99,17,144.26,1684
BellmanFord,List,400,0.99,17,149.42,1504
Prim,Matrix,400,0.99,18,72.082,405
Prim,List,400,0.99,18,8.298,408
Kruskal,Matrix,400,0.99,18,5.172,405
Kruskal,List,400,0.99,18,8.012,408
Dijkstra,Matrix,400,0.99,18,155.556,1810
Dijkstra,List,400,0.99,18,8.327,1481
BellmanFord,Matrix,400,0.99,18,144.452,1810
BellmanFord,List,400,0.99,18,149.071,1481
Prim,Matrix,400,0.99,19,72.327,408
Prim,List,400,0.99,19,8.971,405
Kruskal,Matrix,400,0.99,19,5.229,408
Kruskal,List,400,0.99,19,7.837,405
Dijkstra,Matrix,400,0.99,19,125.076,1716
Dijkstra,List,400,0.99,19,9.209,1758
BellmanFord,Matrix,400,0.99,19,145.869,1716
BellmanFord,List,400,0.99,19,150.728,1758
Prim,Matrix,400,0.99,20,74.398,414
Prim,List,400,0.99,20,8.821,411
Kruskal,Matrix,400,0.99,20,5.25,414
Kruskal,List,400,0.99,20,7.97,411
Dijkstra,Matrix,400,0.99,20,124.534,1734
Dijkstra,List,400,0.99,20,8.754,1692
BellmanFord,Matrix,400,0.99,20,147.196,1734
BellmanFord,List,400,0.99,20,151.427,1692
Prim,Matrix,400,0.99,21,73.935,410
Prim,List,400,0.99,21,7.564,403
Kruskal,Matrix,400,0.99,21,5.609,410
Kruskal,List,400,0.99,21,8.3,403
Dijkstra,Matrix,400,0.99,21,124.945,1642
Dijkstra,List,400,0.99,21,8.034,1571
BellmanFord,Matrix,400,0.99,21,147.739,1642
BellmanFord,List,400,0.99,21,152.466,1571
Prim,Matrix,400,0.99,22,73.614,403
Prim,List,400,0.99,22,9.277,407
Kruskal,Matrix,400,0.99,22,5.357,403
Kruskal,List,400,0.99,22,8.796,407
Dijkstra,Matrix,400,0.99,22,124.597,1505
Dijkstra,List,400,0.99,22,9.123,1495
BellmanFord,Matrix,400,0.99,22,147.224,1505
BellmanFord,List,400,0.99,22,150.917,1495
Prim,Matrix,400,0.99,23,72.857,405
Prim,List,400,0.99,23,8.323,409
Kruskal,Matrix,400,0.99,23,5.545,405
Kruskal,List,400,0.99,23,7.883,409
Dijkstra,Matrix,400,0.99,23,124.366,1607
Dijkstra,List,400,0.99,23,9.969,1646
BellmanFord,Matrix,400,0.99,23,144.488,1607
BellmanFord,List,400,0.99,23,149.354,1646
Prim,Matrix,400,0.99,24,74.201,404
Prim,List,400,0.99,24,8.233,404
Kruskal,Matrix,400,0.99,24,5.237,404
Kruskal,List,400,0.99,24,7.831,404
Dijkstra,Matrix,400,0.99,24,122.992,1799
Dijkstra,List,400,0.99,24,8.473,1337
BellmanFord,Matrix,400,0.99,24,144.548,1799
BellmanFord,List,400,0.99,24,152.06,1337
Prim,Matrix,400,0.99,25,72.581,407
Prim,List,400,0.99,25,8.745,407
Kruskal,Matrix,400,0.99,25,5.439,407
Kruskal,List,400,0.99,25,8.198,407
Dijkstra,Matrix,400,0.99,25,122.199,1734
Dijkstra,List,400,0.99,25,8.039,1655
BellmanFord,Matrix,400,0.99,25,144.503,1734
BellmanFord,List,400,0.99,25,148.723,1655
Prim,Matrix,400,0.99,26,73.866,410
Prim,List,400,0.99,26,8.628,405
Kruskal,Matrix,400,0.99,26,5.17,410
Kruskal,List,400,0.99,26,7.875,405
Dijkstra,Matrix,400,0.99,26,123.461,1461
Dijkstra,List,400,0.99,26,8.623,1546
BellmanFord,Matrix,400,0.99,26,144.11,1461
BellmanFord,List,400,0.99,26,148.634,1546
Prim,Matrix,400,0.99,27,72.527,405
Prim,List,400,0.99,27,8.473,406
Kruskal,Matrix,400,0.99,27,5.29,405
Kruskal,List,400,0.99,27,8.268,406
Dijkstra,Matrix,400,0.99,27,123.005,1586
Dijkstra,List,400,0.99,27,7.92,1555
BellmanFord,Matrix,400,0.99,27,143.925,1586
BellmanFord,List,400,0.99,27,150.324,1555
Prim,Matrix,400,0.99,28,87.553,407
Prim,List,400,0.99,28,9.703,410
Kruskal,Matrix,400,0.99,28,5.657,407
Kruskal,List,400,0.99,28,10.009,410
Dijkstra,Matrix,400,0.99,28,124.861,1766
Dijkstra,List,400,0.99,28,8.242,1706
BellmanFord,Matrix,400,0.99,28,145.099,1766
BellmanFord,List,400,0.99,28,149.919,1706
Prim,Matrix,400,0.99,29,72.591,408
Prim,List,400,0.99,29,8.457,405
Kruskal,Matrix,400,0.99,29,5.175,408
Kruskal,List,400,0.99,29,8.022,405
Dijkstra,Matrix,400,0.99,29,124.938,1610
Dijkstra,List,400,0.99,29,8.219,1605
BellmanFord,Matrix,400,0.99,29,145.225,1610
BellmanFord,List,400,0.99,29,149.069,1605
Prim,Matrix,400,0.99,30,72.435,408
Prim,List,400,0.99,30,8.215,413
Kruskal,Matrix,400,0.99,30,5.321,408
Kruskal,List,400,0.99,30,7.912,413
Dijkstra,Matrix,400,0.99,30,123.674,1487
Dijkstra,List,400,0.99,30,8.483,1485
BellmanFord,Matrix,400,0.99,30,145.468,1487
BellmanFord,List,400,0.99,30,150.34,1485
Prim,Matrix,400,0.99,31,72.235,401
Prim,List,400,0.99,31,8.376,406
Kruskal,Matrix,400,0.99,31,5.326,401
Kruskal,List,400,0.99,31,7.915,406
Dijkstra,Matrix,400,0.99,31,122.291,1525
Dijkstra,List,400,0.99,31,7.31,1469
BellmanFord,Matrix,400,0.99,31,143.734,1525
BellmanFord,List,400,0.99,31,148.273,1469
Prim,Matrix,400,0.99,32,72.551,409
Prim,List,400,0.99,32,8.359,402
Kruskal,Matrix,400,0.99,32,5.158,409
Kruskal,List,400,0.99,32,9.28,402
Dijkstra,Matrix,400,0.99,32,123.42,1453
Dijkstra,List,400,0.99,32,8.4,1494
BellmanFord,Matrix,400,0.99,32,144.396,1453
BellmanFord,List,400,0.99,32,148.108,1494
Prim,Matrix,400,0.99,33,72.537,402
Prim,List,400,0.99,33,8.346,405
Kruskal,Matrix,400,0.99,33,5.192,402
Kruskal,List,400,0.99,33,7.888,405
Dijkstra,Matrix,400,0.99,33,122.293,1495
Dijkstra,List,400,0.99,33,8.421,1457
BellmanFord,Matrix,400,0.99,33,144.724,1495
BellmanFord,List,400,0.99,33,148.613,1457
Prim,Matrix,400,0.99,34,72.319,409
Prim,List,400,0.99,34,8.058,405
Kruskal,Matrix,400,0.99,34,5.258,409
Kruskal,List,400,0.99,34,7.894,405
Dijkstra,Matrix,400,0.99,34,123.578,1719
Dijkstra,List,400,0.99,34,8.155,1643
BellmanFord,Matrix,400,0.99,34,144.606,1719
BellmanFord,List,400,0.99,34,148.3,1643
Prim,Matrix,400,0.99,35,74.96,404
Prim,List,400,0.99,35,8.612,410
Kruskal,Matrix,400,0.99,35,5.657,404
Kruskal,List,400,0.99,35,9.196,410
Dijkstra,Matrix,400,0.99,35,122.914,1620
Dijkstra,List,400,0.99,35,8.021,1508
BellmanFord,Matrix,400,0.99,35,149.182,1620
BellmanFord,List,400,0.99,35,152.05,1508
Prim,Matrix,400,0.99,36,71.98,414
Prim,List,400,0.99,36,8.449,405
Kruskal,Matrix,400,0.99,36,5.338,414
Kruskal,List,400,0.99,36,8.195,405
Dijkstra,Matrix,400,0.99,36,122.826,1655
Dijkstra,List,400,0.99,36,8.206,1403
BellmanFord,Matrix,400,0.99,36,144.059,1655
BellmanFord,List,400,0.99,36,150.372,1403
Prim,Matrix,400,0.99,37,74.97,407
Prim,List,400,0.99,37,8.921,402
Kruskal,Matrix,400,0.99,37,5.556,407
Kruskal,List,400,0.99,37,9.606,402
Dijkstra,Matrix,400,0.99,37,125.308,1729
Dijkstra,List,400,0.99,37,8.202,1460
BellmanFord,Matrix,400,0.99,37,146.925,1729
BellmanFord,List,400,0.99,37,154.462,1460
Prim,Matrix,400,0.99,38,73.65,407
Prim,List,400,0.99,38,8.842,413
Kruskal,Matrix,400,0.99,38,5.508,407
Kruskal,List,400,0.99,38,8.275,413
Dijkstra,Matrix,400,0.99,38,124.108,1475
Dijkstra,List,400,0.99,38,7.566,1569
BellmanFord,Matrix,400,0.99,38,147.455,1475
BellmanFord,List,400,0.99,38,150.888,1569
Prim,Matrix,400,0.99,39,74.074,413
Prim,List,400,0.99,39,7.574,410
Kruskal,Matrix,400,0.99,39,5.47,413
Kruskal,List,400,0.99,39,8.276,410
Dijkstra,Matrix,400,0.99,39,124.155,1681
Dijkstra,List,400,0.99,39,7.564,1717
BellmanFord,Matrix,400,0.99,39,145.442,1681
BellmanFord,List,400,0.99,39,149.795,1717
Prim,Matrix,400,0.99,40,73.114,407
Prim,List,400,0.99,40,8.47,410
Kruskal,Matrix,400,0.99,40,5.507,407
Kruskal,List,400,0.99,40,8.337,410
Dijkstra,Matrix,400,0.99,40,122.421,1674
Dijkstra,List,400,0.99,40,9.674,1449
BellmanFord,Matrix,400,0.99,40,145.174,1674
BellmanFord,List,400,0.99,40,148.884,1449
Prim,Matrix,400,0.99,41,72.502,406
Prim,List,400,0.99,41,8.08,405
Kruskal,Matrix,400,0.99,41,5.3,406
Kruskal,List,400,0.99,41,8.235,405
Dijkstra,Matrix,400,0.99,41,123.922,1522
Dijkstra,List,400,0.99,41,8.753,1551
BellmanFord,Matrix,400,0.99,41,146.509,1522
BellmanFord,List,400,0.99,41,149.634,1551
Prim,Matrix,400,0.99,42,72.279,404
Prim,List,400,0.99,42,8.052,410
Kruskal,Matrix,400,0.99,42,5.269,404
Kruskal,List,400,0.99,42,7.98,410
Dijkstra,Matrix,400,0.99,42,122.356,1525
Dijkstra,List,400,0.99,42,7.833,1434
BellmanFord,Matrix,400,0.99,42,145.564,1525
BellmanFord,List,400,0.99,42,150.401,1434
Prim,Matrix,400,0.99,43,72.646,407
Prim,List,400,0.99,43,8.392,408
Kruskal,Matrix,400,0.99,43,5.379,407
Kruskal,List,400,0.99,43,8.592,408
Dijkstra,Matrix,400,0.99,43,122.522,1517
Dijkstra,List,400,0.99,43,7.485,1532
BellmanFord,Matrix,400,0.99,43,145.552,1517
BellmanFord,List,400,0.99,43,148.854,1532
Prim,Matrix,400,0.99,44,72.283,406
Prim,List,400,0.99,44,8.097,405
Kruskal,Matrix,400,0.99,44,5.258,406
Kruskal,List,400,0.99,44,7.909,405
Dijkstra,Matrix,400,0.99,44,157.734,1529
Dijkstra,List,400,0.99,44,9.367,1784
BellmanFord,Matrix,400,0.99,44,145.531,1529
BellmanFord,List,400,0.99,44,151.109,1784
Prim,Matrix,400,0.99,45,72.109,410
Prim,List,400,0.99,45,8.692,407
Kruskal,Matrix,400,0.99,45,5.325,410
Kruskal,List,400,0.99,45,7.967,407
Dijkstra,Matrix,400,0.99,45,123.031,1478
Dijkstra,List,400,0.99,45,8.433,1570
BellmanFord,Matrix,400,0.99,45,144.817,1478
BellmanFord,List,400,0.99,45,148.946,1570
Prim,Matrix,400,0.99,46,72.498,402
Prim,List,400,0.99,46,8.075,409
Kruskal,Matrix,400,0.99,46,5.59,402
Kruskal,List,400,0.99,46,8.316,409
Dijkstra,Matrix,400,0.99,46,122.538,1538
Dijkstra,List,400,0.99,46,8.217,1586
BellmanFord,Matrix,400,0.99,46,145.127,1538
BellmanFord,List,400,0.99,46,149.19,1586
Prim,Matrix,400,0.99,47,72.668,401
Prim,List,400,0.99,47,8.941,406
Kruskal,Matrix,400,0.99,47,5.536,401
Kruskal,List,400,0.99,47,8.285,406
Dijkstra,Matrix,400,0.99,47,122.77,1681
Dijkstra,List,400,0.99,47,8.68,1490
BellmanFord,Matrix,400,0.99,47,146.874,1681
BellmanFord,List,400,0.99,47,148.163,1490
Prim,Matrix,400,0.99,48,72.938,409
Prim,List,400,0.99,48,8.322,406
Kruskal,Matrix,400,0.99,48,5.327,409
Kruskal,List,400,0.99,48,8.361,406
Dijkstra,Matrix,400,0.99,48,123.533,1454
Dijkstra,List,400,0.99,48,8.393,1584
BellmanFord,Matrix,400,0.99,48,146.307,1454
BellmanFord,List,400,0.99,48,149.468,1584
Prim,Matrix,400,0.99,49,76.804,413
Prim,List,400,0.99,49,9.821,409
Kruskal,Matrix,400,0.99,49,5.359,413
Kruskal,List,400,0.99,49,8.397,409
Dijkstra,Matrix,400,0.99,49,123.409,1715
Dijkstra,List,400,0.99,49,7.708,1706
BellmanFord,Matrix,400,0.99,49,144.835,1715
BellmanFord,List,400,0.99,49,149.376,1706
Prim,Matrix,600,0.25,0,60.904,1305
Prim,List,600,0.25,0,5.095,1257
Kruskal,Matrix,600,0.25,0,2.94,1305
Kruskal,List,600,0.25,0,4.441,1257
Dijkstra,Matrix,600,0.25,0,104.699,3749
Dijkstra,List,600,0.25,0,4.379,2917
BellmanFord,Matrix,600,0.25,0,138.385,3749
BellmanFord,List,600,0.25,0,129.174,2917
Prim,Matrix,600,0.25,1,62.436,1254
Prim,List,600,0.25,1,4.832,1280
Kruskal,Matrix,600,0.25,1,2.962,1254
Kruskal,List,600,0.25,1,4.623,1280
Dijkstra,Matrix,600,0.25,1,104.648,34700
Dijkstra,List,600,0.25,1,4.282,15502
BellmanFord,Matrix,600,0.25,1,125.326,34700
BellmanFord,List,600,0.25,1,128.015,15502
Prim,Matrix,600,0.25,2,64.656,1259
Prim,List,600,0.25,2,5.788,1269
Kruskal,Matrix,600,0.25,2,2.921,1259
Kruskal,List,600,0.25,2,4.424,1269
Dijkstra,Matrix,600,0.25,2,103.649,13560
Dijkstra,List,600,0.25,2,5.201,20773
BellmanFord,Matrix,600,0.25,2,123.914,13560
BellmanFord,List,600,0.25,2,126.661,20773
Prim,Matrix,600,0.25,3,60.309,1415
Prim,List,600,0.25,3,4.961,1337
Kruskal,Matrix,600,0.25,3,2.891,1415
Kruskal,List,600,0.25,3,4.183,1337
Dijkstra,Matrix,600,0.25,3,104.296,94557
Dijkstra,List,600,0.25,3,5.581,132333
BellmanFord,Matrix,600,0.25,3,123.471,94557
BellmanFord,List,600,0.25,3,127.259,132333
Prim,Matrix,600,0.25,4,61.61,1323
Prim,List,600,0.25,4,5.458,1389
Kruskal,Matrix,600,0.25,4,3.022,1323
Kruskal,List,600,0.25,4,4.856,1389
Dijkstra,Matrix,600,0.25,4,103.884,149413
Dijkstra,List,600,0.25,4,5.133,81073
BellmanFord,Matrix,600,0.25,4,122.724,149413
BellmanFord,List,600,0.25,4,127.952,81073
Prim,Matrix,600,0.25,5,62.462,1311
Prim,List,600,0.25,5,4.677,1300
Kruskal,Matrix,600,0.25,5,2.906,1311
Kruskal,List,600,0.25,5,4.309,1300
Dijkstra,Matrix,600,0.25,5,104.972,8483
Dijkstra,List,600,0.25,5,4.473,18571
BellmanFord,Matrix,600,0.25,5,124.711,8483
BellmanFord,List,600,0.25,5,126.196,18571
Prim,Matrix,600,0.25,6,60.755,1178
Prim,List,600,0.25,6,5.222,1384
Kruskal,Matrix,600,0.25,6,3.01,1178
Kruskal,List,600,0.25,6,4.421,1384
Dijkstra,Matrix,600,0.25,6,103.318,9569
Dijkstra,List,600,0.25,6,4.292,48835
BellmanFord,Matrix,600,0.25,6,123.076,9569
BellmanFord,List,600,0.25,6,125.384,48835
Prim,Matrix,600,0.25,7,60.573,1197
Prim,List,600,0.25,7,4.455,1208
Kruskal,Matrix,600,0.25,7,3.022,1197
Kruskal,List,600,0.25,7,4.435,1208
Dijkstra,Matrix,600,0.25,7,103.815,6971
Dijkstra,List,600,0.25,7,5.109,4792
BellmanFord,Matrix,600,0.25,7,123.891,6971
BellmanFord,List,600,0.25,7,126.667,4792
Prim,Matrix,600,0.25,8,60.36,1318
Prim,List,600,0.25,8,5.796,1324
Kruskal,Matrix,600,0.25,8,2.95,1318
Kruskal,List,600,0.25,8,4.347,1324
Dijkstra,Matrix,600,0.25,8,103.28,5149
Dijkstra,List,600,0.25,8,5.651,5210
BellmanFord,Matrix,600,0.25,8,123.069,5149
BellmanFord,List,600,0.25,8,125.475,5210
Prim,Matrix,600,0.25,9,60.366,1354
Prim,List,600,0.25,9,4.96,1329
Kruskal,Matrix,600,0.25,9,2.875,1354
Kruskal,List,600,0.25,9,4.579,1329
Dijkstra,Matrix,600,0.25,9,104.129,3077
Dijkstra,List,600,0.25,9,5.046,3388
BellmanFord,Matrix,600,0.25,9,123.526,3077
BellmanFord,List,600,0.25,9,128.191,3388
Prim,Matrix,600,0.25,10,60.382,1206
Prim,List,600,0.25,10,5.106,1354
Kruskal,Matrix,600,0.25,10,2.949,1206
Kruskal,List,600,0.25,10,4.28,1354
Dijkstra,Matrix,600,0.25,10,102.966,5408
Dijkstra,List,600,0.25,10,4.915,4391
BellmanFord,Matrix,600,0.25,10,123.267,5408
BellmanFord,List,600,0.25,10,126.289,4391
Prim,Matrix,600,0.25,11,60.193,1233
Prim,List,600,0.25,11,5.092,1454
Kruskal,Matrix,600,0.25,11,2.931,1233
Kruskal,List,600,0.25,11,4.398,1454
Dijkstra,Matrix,600,0.25,11,103.52,61097
Dijkstra,List,600,0.25,11,4.474,190011
BellmanFord,Matrix,600,0.25,11,127.195,61097
BellmanFord,List,600,0.25,11,131.285,190011
Prim,Matrix,600,0.25,12,62.615,1226
Prim,List,600,0.25,12,5.53,1268
Kruskal,Matrix,600,0.25,12,2.989,1226
Kruskal,List,600,0.25,12,8.948,1268
Dijkstra,Matrix,600,0.25,12,104.548,269714
Dijkstra,List,600,0.25,12,4.881,68013
BellmanFord,Matrix,600,0.25,12,124.76,269714
BellmanFord,List,600,0.25,12,126.97,68013
Prim,Matrix,600,0.25,13,60.695,1471
Prim,List,600,0.25,13,5.307,1221
Kruskal,Matrix,600,0.25,13,2.979,1471
Kruskal,List,600,0.25,13,5.203,1221
Dijkstra,Matrix,600,0.25,13,108.543,18739
Dijkstra,List,600,0.25,13,5.689,54236
BellmanFord,Matrix,600,0.25,13,123.311,18739
BellmanFord,List,600,0.25,13,126.184,54236
Prim,Matrix,600,0.25,14,64.196,1369
Prim,List,600,0.25,14,5.201,1305
Kruskal,Matrix,600,0.25,14,2.949,1369
Kruskal,List,600,0.25,14,4.695,1305
Dijkstra,Matrix,600,0.25,14,111.75,2822
Dijkstra,List,600,0.25,14,4.946,3962
BellmanFord,Matrix,600,0.25,14,123.024,2822
BellmanFord,List,600,0.25,14,125.901,3962
Prim,Matrix,600,0.25,15,60.566,1187
Prim,List,600,0.25,15,4.925,1387
Kruskal,Matrix,600,0.25,15,2.995,1187
Kruskal,List,600,0.25,15,4.439,1387
Dijkstra,Matrix,600,0.25,15,103.417,159247
Dijkstra,List,600,0.25,15,5.299,333692
BellmanFord,Matrix,600,0.25,15,123.048,159247
BellmanFord,List,600,0.25,15,125.528,333692
Prim,Matrix,600,0.25,16,60.211,1260
Prim,List,600,0.25,16,4.554,1358
Kruskal,Matrix,600,0.25,16,2.997,1260
Kruskal,List,600,0.25,16,4.322,1358
Dijkstra,Matrix,600,0.25,16,104.148,59187
Dijkstra,List,600,0.25,16,4.372,9148
BellmanFord,Matrix,600,0.25,16,124.621,59187
BellmanFord,List,600,0.25,16,126.504,9148
Prim,Matrix,600,0.25,17,60.314,1236
Prim,List,600,0.25,17,4.572,1290
Kruskal,Matrix,600,0.25,17,2.965,1236
Kruskal,List,600,0.25,17,4.352,1290
Dijkstra,Matrix,600,0.25,17,103.304,47811
Dijkstra,List,600,0.25,17,4.705,21472
BellmanFord,Matrix,600,0.25,17,123.355,47811
BellmanFord,List,600,0.25,17,125.333,21472
Prim,Matrix,600,0.25,18,60.45,1452
Prim,List,600,0.25,18,5.007,1154
Kruskal,Matrix,600,0.25,18,2.916,1452
Kruskal,List,600,0.25,18,4.321,1154
Dijkstra,Matrix,600,0.25,18,103.07,31752
Dijkstra,List,600,0.25,18,4.46,9564
BellmanFord,Matrix,600,0.25,18,125.226,31752
BellmanFord,List,600,0.25,18,125.658,9564
Prim,Matrix,600,0.25,19,60.284,1257
Prim,List,600,0.25,19,4.615,1340
Kruskal,Matrix,600,0.25,19,3.032,1257
Kruskal,List,600,0.25,19,4.35,1340
Dijkstra,Matrix,600,0.25,19,103.15,4117
Dijkstra,List,600,0.25,19,4.385,4965
BellmanFord,Matrix,600,0.25,19,122.885,4117
BellmanFord,List,600,0.25,19,125.204,4965
Prim,Matrix,600,0.25,20,61.168,1273
Prim,List,600,0.25,20,5.054,1238
Kruskal,Matrix,600,0.25,20,2.918,1273
Kruskal,List,600,0.25,20,4.542,1238
Dijkstra,Matrix,600,0.25,20,105.18,6083
Dijkstra,List,600,0.25,20,4.287,7133
BellmanFord,Matrix,600,0.25,20,123.364,6083
BellmanFord,List,600,0.25,20,126.101,7133
Prim,Matrix,600,0.25,21,60.712,1301
Prim,List,600,0.25,21,4.72,1305
Kruskal,Matrix,600,0.25,21,2.902,1301
Kruskal,List,600,0.25,21,4.378,1305
Dijkstra,Matrix,600,0.25,21,103.2,122389
Dijkstra,List,600,0.25,21,4.345,88308
BellmanFord,Matrix,600,0.25,21,122.888,122389
BellmanFord,List,600,0.25,21,126.449,88308
Prim,Matrix,600,0.25,22,60.659,1212
Prim,List,600,0.25,22,4.939,1325
Kruskal,Matrix,600,0.25,22,2.854,1212
Kruskal,List,600,0.25,22,4.364,1325
Dijkstra,Matrix,600,0.25,22,103.306,28513
Dijkstra,List,600,0.25,22,4.412,93022
BellmanFord,Matrix,600,0.25,22,123.377,28513
BellmanFord,List,600,0.25,22,125.717,93022
Prim,Matrix,600,0.25,23,61.085,1251
Prim,List,600,0.25,23,4.856,1280
Kruskal,Matrix,600,0.25,23,2.954,1251
Kruskal,List,600,0.25,23,4.362,1280
Dijkstra,Matrix,600,0.25,23,102.951,3568
Dijkstra,List,600,0.25,23,4.719,3307
BellmanFord,Matrix,600,0.25,23,124.029,3568
BellmanFord,List,600,0.25,23,127.889,3307
Prim,Matrix,600,0.25,24,61.153,1252
Prim,List,600,0.25,24,4.991,1325
Kruskal,Matrix,600,0.25,24,2.953,1252
Kruskal,List,600,0.25,24,4.286,1325
Dijkstra,Matrix,600,0.25,24,102.89,141838
Dijkstra,List,600,0.25,24,5.615,111433
BellmanFord,Matrix,600,0.25,24,123.128,141838
BellmanFord,List,600,0.25,24,126.085,111433
Prim,Matrix,600,0.25,25,60.535,1174
Prim,List,600,0.25,25,4.784,1248
Kruskal,Matrix,600,0.25,25,2.996,1174
Kruskal,List,600,0.25,25,4.385,1248
Dijkstra,Matrix,600,0.25,25,103.219,3309
Dijkstra,List,600,0.25,25,4.998,3024
BellmanFord,Matrix,600,0.25,25,125.244,3309
BellmanFord,List,600,0.25,25,128.173,3024
Prim,Matrix,600,0.25,26,60.572,1295
Prim,List,600,0.25,26,4.937,1314
Kruskal,Matrix,600,0.25,26,2.944,1295
Kruskal,List,600,0.25,26,4.29,1314
Dijkstra,Matrix,600,0.25,26,103.383,3290
Dijkstra,List,600,0.25,26,4.311,3444
BellmanFord,Matrix,600,0.25,26,123.574,3290
BellmanFord,List,600,0.25,26,131,3444
Prim,Matrix,600,0.25,27,63.071,1275
Prim,List,600,0.25,27,5.164,1326
Kruskal,Matrix,600,0.25,27,3.016,1275
Kruskal,List,600,0.25,27,4.42,1326
Dijkstra,Matrix,600,0.25,27,104.438,72460
Dijkstra,List,600,0.25,27,4.216,24702
BellmanFord,Matrix,600,0.25,27,124.218,72460
BellmanFord,List,600,0.25,27,136.027,24702
Prim,Matrix,600,0.25,28,63.603,1313
Prim,List,600,0.25,28,5.231,1276
Kruskal,Matrix,600,0.25,28,2.981,1313
Kruskal,List,600,0.25,28,4.324,1276
Dijkstra,Matrix,600,0.25,28,104.089,10338
Dijkstra,List,600,0.25,28,5.764,11648
BellmanFord,Matrix,600,0.25,28,123.54,10338
BellmanFord,List,600,0.25,28,126.368,11648
Prim,Matrix,600,0.25,29,60.857,1401
Prim,List,600,0.25,29,4.986,1190
Kruskal,Matrix,600,0.25,29,3.012,1401
Kruskal,List,600,0.25,29,4.939,1190
Dijkstra,Matrix,600,0.25,29,104.946,3307
Dijkstra,List,600,0.25,29,5.255,4075
BellmanFord,Matrix,600,0.25,29,127.647,3307
BellmanFord,List,600,0.25,29,129.842,4075
Prim,Matrix,600,0.25,30,61.918,1238
Prim,List,600,0.25,30,4.398,1277
Kruskal,Matrix,600,0.25,30,3.06,1238
Kruskal,List,600,0.25,30,4.31,1277
Dijkstra,Matrix,600,0.25,30,105.517,29042
Dijkstra,List,600,0.25,30,4.434,66650
BellmanFord,Matrix,600,0.25,30,125.994,29042
BellmanFord,List,600,0.25,30,128.921,66650
Prim,Matrix,600,0.25,31,61.912,1299
Prim,List,600,0.25,31,5.111,1275
Kruskal,Matrix,600,0.25,31,2.938,1299
Kruskal,List,600,0.25,31,4.844,1275
Dijkstra,Matrix,600,0.25,31,105.113,58579
Dijkstra,List,600,0.25,31,4.749,78360
BellmanFord,Matrix,600,0.25,31,125.443,58579
BellmanFord,List,600,0.25,31,127.799,78360
Prim,Matrix,600,0.25,32,61.742,1235
Prim,List,600,0.25,32,4.438,1227
Kruskal,Matrix,600,0.25,32,2.985,1235
Kruskal,List,600,0.25,32,4.317,1227
Dijkstra,Matrix,600,0.25,32,105.441,4932
Dijkstra,List,600,0.25,32,4.648,3466
BellmanFord,Matrix,600,0.25,32,125.884,4932
BellmanFord,List,600,0.25,32,126.177,3466
Prim,Matrix,600,0.25,33,61.071,1319
Prim,List,600,0.25,33,4.936,1333
Kruskal,Matrix,600,0.25,33,2.904,1319
Kruskal,List,600,0.25,33,4.272,1333
Dijkstra,Matrix,600,0.25,33,102.881,3739
Dijkstra,List,600,0.25,33,4.502,4023
BellmanFord,Matrix,600,0.25,33,123.392,3739
BellmanFord,List,600,0.25,33,125.742,4023
Prim,Matrix,600,0.25,34,60.963,1273
Prim,List,600,0.25,34,4.626,1272
Kruskal,Matrix,600,0.25,34,3.022,1273
Kruskal,List,600,0.25,34,4.285,1272
Dijkstra,Matrix,600,0.25,34,104.048,144628
Dijkstra,List,600,0.25,34,4.889,53748
BellmanFord,Matrix,600,0.25,34,124.201,144628
BellmanFord,List,600,0.25,34,128.288,53748
Prim,Matrix,600,0.25,35,60.776,1270
Prim,List,600,0.25,35,4.601,1294
Kruskal,Matrix,600,0.25,35,2.915,1270
Kruskal,List,600,0.25,35,4.326,1294
Dijkstra,Matrix,600,0.25,35,103.395,49224
Dijkstra,List,600,0.25,35,4.874,79479
BellmanFord,Matrix,600,0.25,35,123.544,49224
BellmanFord,List,600,0.25,35,125.853,79479
Prim,Matrix,600,0.25,36,60.757,1383
Prim,List,600,0.25,36,4.937,1359
Kruskal,Matrix,600,0.25,36,2.941,1383
Kruskal,List,600,0.25,36,4.482,1359
Dijkstra,Matrix,600,0.25,36,104.102,4914
Dijkstra,List,600,0.25,36,4.928,16747
BellmanFord,Matrix,600,0.25,36,125.041,4914
BellmanFord,List,600,0.25,36,128.227,16747
Prim,Matrix,600,0.25,37,60.809,1334
Prim,List,600,0.25,37,4.612,1277
Kruskal,Matrix,600,0.25,37,2.972,1334
Kruskal,List,600,0.25,37,4.184,1277
Dijkstra,Matrix,600,0.25,37,103.282,4457
Dijkstra,List,600,0.25,37,4.847,4550
BellmanFord,Matrix,600,0.25,37,123.371,4457
BellmanFord,List,600,0.25,37,126.229,4550
Prim,Matrix,600,0.25,38,61.105,1285
Prim,List,600,0.25,38,4.989,1322
Kruskal,Matrix,600,0.25,38,3.13,1285
Kruskal,List,600,0.25,38,5.23,1322
Dijkstra,Matrix,600,0.25,38,105.017,13526
Dijkstra,List,600,0.25,38,4.824,14321
BellmanFord,Matrix,600,0.25,38,123.386,13526
BellmanFord,List,600,0.25,38,126.612,14321
Prim,Matrix,600,0.25,39,60.345,1412
Prim,List,600,0.25,39,5.418,1279
Kruskal,Matrix,600,0.25,39,2.955,1412
Kruskal,List,600,0.25,39,4.765,1279
Dijkstra,Matrix,600,0.25,39,107.825,113699
Dijkstra,List,600,0.25,39,4.698,94352
BellmanFord,Matrix,600,0.25,39,125.303,113699
BellmanFord,List,600,0.25,39,128.949,94352
Prim,Matrix,600,0.25,40,64.442,1242
Prim,List,600,0.25,40,5.678,1338
Kruskal,Matrix,600,0.25,40,3.036,1242
Kruskal,List,600,0.25,40,4.397,1338
Dijkstra,Matrix,600,0.25,40,107.877,8685
Dijkstra,List,600,0.25,40,4.939,13064
BellmanFord,Matrix,600,0.25,40,124.279,8685
BellmanFord,List,600,0.25,40,127.163,13064
Prim,Matrix,600,0.25,41,60.336,1353
Prim,List,600,0.25,41,5.065,1301
Kruskal,Matrix,600,0.25,41,2.921,1353
Kruskal,List,600,0.25,41,4.36,1301
Dijkstra,Matrix,600,0.25,41,103.576,3696
Dijkstra,List,600,0.25,41,4.979,4012
BellmanFord,Matrix,600,0.25,41,124.297,3696
BellmanFord,List,600,0.25,41,127.863,4012
Prim,Matrix,600,0.25,42,62.534,1489
Prim,List,600,0.25,42,5.461,1339
Kruskal,Matrix,600,0.25,42,2.957,1489
Kruskal,List,600,0.25,42,4.308,1339
Dijkstra,Matrix,600,0.25,42,103.469,15527
Dijkstra,List,600,0.25,42,4.451,11353
BellmanFord,Matrix,600,0.25,42,122.366,15527
BellmanFord,List,600,0.25,42,126.677,11353
Prim,Matrix,600,0.25,43,60.685,1239
Prim,List,600,0.25,43,4.727,1312
Kruskal,Matrix,600,0.25,43,2.887,1239
Kruskal,List,600,0.25,43,4.381,1312
Dijkstra,Matrix,600,0.25,43,109.123,4351
Dijkstra,List,600,0.25,43,4.858,4680
BellmanFord,Matrix,600,0.25,43,125.037,4351
BellmanFord,List,600,0.25,43,128.237,4680
Prim,Matrix,600,0.25,44,60.759,1306
Prim,List,600,0.25,44,4.935,1290
Kruskal,Matrix,600,0.25,44,2.928,1306
Kruskal,List,600,0.25,44,11.696,1290
Dijkstra,Matrix,600,0.25,44,103.273,18788
Dijkstra,List,600,0.25,44,4.273,22292
BellmanFord,Matrix,600,0.25,44,124.042,18788
BellmanFord,List,600,0.25,44,126.821,22292
Prim,Matrix,600,0.25,45,60.638,1228
Prim,List,600,0.25,45,4.857,1242
Kruskal,Matrix,600,0.25,45,2.912,1228
Kruskal,List,600,0.25,45,4.43,1242
Dijkstra,Matrix,600,0.25,45,103.519,35684
Dijkstra,List,600,0.25,45,4.944,51447
BellmanFord,Matrix,600,0.25,45,124.523,35684
BellmanFord,List,600,0.25,45,127.202,51447
Prim,Matrix,600,0.25,46,60.825,1228
Prim,List,600,0.25,46,4.597,1329
Kruskal,Matrix,600,0.25,46,2.89,1228
Kruskal,List,600,0.25,46,4.253,1329
Dijkstra,Matrix,600,0.25,46,103.06,249782
Dijkstra,List,600,0.25,46,5.811,42293
BellmanFord,Matrix,600,0.25,46,123.692,249782
BellmanFord,List,600,0.25,46,126.735,42293
Prim,Matrix,600,0.25,47,61.007,1255
Prim,List,600,0.25,47,5.058,1303
Kruskal,Matrix,600,0.25,47,3.361,1255
Kruskal,List,600,0.25,47,4.43,1303
Dijkstra,Matrix,600,0.25,47,105.891,4246
Dijkstra,List,600,0.25,47,4.523,3645
BellmanFord,Matrix,600,0.25,47,123.958,4246
BellmanFord,List,600,0.25,47,126.332,3645
Prim,Matrix,600,0.25,48,60.069,1488
Prim,List,600,0.25,48,3.983,1428
Kruskal,Matrix,600,0.25,48,2.886,1488
Kruskal,List,600,0.25,48,4.369,1428
Dijkstra,Matrix,600,0.25,48,104.184,3187
Dijkstra,List,600,0.25,48,4.347,3168
BellmanFord,Matrix,600,0.25,48,123.614,3187
BellmanFord,List,600,0.25,48,127.12,3168
Prim,Matrix,600,0.25,49,60.253,1246
Prim,List,600,0.25,49,4.615,1427
Kruskal,Matrix,600,0.25,49,3.389,1246
Kruskal,List,600,0.25,49,4.353,1427
Dijkstra,Matrix,600,0.25,49,103.634,62599
Dijkstra,List,600,0.25,49,4.299,184462
BellmanFord,Matrix,600,0.25,49,124.331,62599
BellmanFord,List,600,0.25,49,128.239,184462
Prim,Matrix,600,0.5,0,120.72,762
Prim,List,600,0.5,0,10.542,750
Kruskal,Matrix,600,0.5,0,5.994,762
Kruskal,List,600,0.5,0,9.762,750
Dijkstra,Matrix,600,0.5,0,211.513,11835
Dijkstra,List,600,0.5,0,9.878,11210
BellmanFord,Matrix,600,0.5,0,251.769,11835
BellmanFord,List,600,0.5,0,256.61,11210
Prim,Matrix,600,0.5,1,123.899,759
Prim,List,600,0.5,1,10.279,798
Kruskal,Matrix,600,0.5,1,6.359,759
Kruskal,List,600,0.5,1,9.214,798
Dijkstra,Matrix,600,0.5,1,211.583,2503
Dijkstra,List,600,0.5,1,9.187,2859
BellmanFord,Matrix,600,0.5,1,252.44,2503
BellmanFord,List,600,0.5,1,256.337,2859
Prim,Matrix,600,0.5,2,130.151,748
Prim,List,600,0.5,2,13.1,759
Kruskal,Matrix,600,0.5,2,6.594,748
Kruskal,List,600,0.5,2,10.964,759
Dijkstra,Matrix,600,0.5,2,211.911,7360
Dijkstra,List,600,0.5,2,10.426,4685
BellmanFord,Matrix,600,0.5,2,253.577,7360
BellmanFord,List,600,0.5,2,261.384,4685
Prim,Matrix,600,0.5,3,126.219,783
Prim,List,600,0.5,3,11.285,731
Kruskal,Matrix,600,0.5,3,6.1,783
Kruskal,List,600,0.5,3,10.743,731
Dijkstra,Matrix,600,0.5,3,212.631,2419
Dijkstra,List,600,0.5,3,11.234,2735
BellmanFord,Matrix,600,0.5,3,254.213,2419
BellmanFord,List,600,0.5,3,259.603,2735
Prim,Matrix,600,0.5,4,123.809,777
Prim,List,600,0.5,4,10.043,755
Kruskal,Matrix,600,0.5,4,6.283,777
Kruskal,List,600,0.5,4,9.347,755
Dijkstra,Matrix,600,0.5,4,210.632,3270
Dijkstra,List,600,0.5,4,9.799,3679
BellmanFord,Matrix,600,0.5,4,251.551,3270
BellmanFord,List,600,0.5,4,256.765,3679
Prim,Matrix,600,0.5,5,123.092,776
Prim,List,600,0.5,5,10.314,738
Kruskal,Matrix,600,0.5,5,6.226,776
Kruskal,List,600,0.5,5,9.36,738
Dijkstra,Matrix,600,0.5,5,214.313,8822
Dijkstra,List,600,0.5,5,11.382,4799
BellmanFord,Matrix,600,0.5,5,254.572,8822
BellmanFord,List,600,0.5,5,257.733,4799
Prim,Matrix,600,0.5,6,123.508,756
Prim,List,600,0.5,6,11.064,742
Kruskal,Matrix,600,0.5,6,6.391,756
Kruskal,List,600,0.5,6,9.846,742
Dijkstra,Matrix,600,0.5,6,208.711,2829
Dijkstra,List,600,0.5,6,9.804,2974
BellmanFord,Matrix,600,0.5,6,247.782,2829
BellmanFord,List,600,0.5,6,252.967,2974
Prim,Matrix,600,0.5,7,122.86,754
Prim,List,600,0.5,7,12.41,743
Kruskal,Matrix,600,0.5,7,6.47,754
Kruskal,List,600,0.5,7,10.308,743
Dijkstra,Matrix,600,0.5,7,206.499,5379
Dijkstra,List,600,0.5,7,10.653,4420
BellmanFord,Matrix,600,0.5,7,248.188,5379
BellmanFord,List,600,0.5,7,255.534,4420
Prim,Matrix,600,0.5,8,122.164,762
Prim,List,600,0.5,8,10.404,753
Kruskal,Matrix,600,0.5,8,5.92,762
Kruskal,List,600,0.5,8,9.342,753
Dijkstra,Matrix,600,0.5,8,206.009,2657
Dijkstra,List,600,0.5,8,10.08,2503
BellmanFord,Matrix,600,0.5,8,249.561,2657
BellmanFord,List,600,0.5,8,256.892,2503
Prim,Matrix,600,0.5,9,121.115,730
Prim,List,600,0.5,9,11.488,771
Kruskal,Matrix,600,0.5,9,6.203,730
Kruskal,List,600,0.5,9,9.849,771
Dijkstra,Matrix,600,0.5,9,206.642,9583
Dijkstra,List,600,0.5,9,11.013,6958
BellmanFord,Matrix,600,0.5,9,249.678,9583
BellmanFord,List,600,0.5,9,257.017,6958
Prim,Matrix,600,0.5,10,120.894,750
Prim,List,600,0.5,10,10.892,767
Kruskal,Matrix,600,0.5,10,6.107,750
Kruskal,List,600,0.5,10,9.518,767
Dijkstra,Matrix,600,0.5,10,215.039,7983
Dijkstra,List,600,0.5,10,10.388,25906
BellmanFord,Matrix,600,0.5,10,259.046,7983
BellmanFord,List,600,0.5,10,258.817,25906
Prim,Matrix,600,0.5,11,124.001,755
Prim,List,600,0.5,11,10.666,745
Kruskal,Matrix,600,0.5,11,6.363,755
Kruskal,List,600,0.5,11,9.702,745
Dijkstra,Matrix,600,0.5,11,212.63,20706
Dijkstra,List,600,0.5,11,9.289,8415
BellmanFord,Matrix,600,0.5,11,252.503,20706
BellmanFord,List,600,0.5,11,257.648,8415
Prim,Matrix,600,0.5,12,125.259,780
Prim,List,600,0.5,12,11.799,747
Kruskal,Matrix,600,0.5,12,6.552,780
Kruskal,List,600,0.5,12,10.938,747
Dijkstra,Matrix,600,0.5,12,214.811,2517
Dijkstra,List,600,0.5,12,9.823,3051
BellmanFord,Matrix,600,0.5,12,251.792,2517
BellmanFord,List,600,0.5,12,254.84,3051
Prim,Matrix,600,0.5,13,121.575,792
Prim,List,600,0.5,13,10.539,776
Kruskal,Matrix,600,0.5,13,6.213,792
Kruskal,List,600,0.5,13,9.275,776
Dijkstra,Matrix,600,0.5,13,207.577,2836
Dijkstra,List,600,0.5,13,9.789,2304
BellmanFord,Matrix,600,0.5,13,272.253,2836
BellmanFord,List,600,0.5,13,255.814,2304
Prim,Matrix,600,0.5,14,126.45,778
Prim,List,600,0.5,14,10.385,768
Kruskal,Matrix,600,0.5,14,6.115,778
Kruskal,List,600,0.5,14,9.177,768
Dijkstra,Matrix,600,0.5,14,211.61,2639
Dijkstra,List,600,0.5,14,9.239,2650
BellmanFord,Matrix,600,0.5,14,264.212,2639
BellmanFord,List,600,0.5,14,261.769,2650
Prim,Matrix,600,0.5,15,120.994,750
Prim,List,600,0.5,15,10.348,757
Kruskal,Matrix,600,0.5,15,6.108,750
Kruskal,List,600,0.5,15,9.31,757
Dijkstra,Matrix,600,0.5,15,210.43,4214
Dijkstra,List,600,0.5,15,10.918,7283
BellmanFord,Matrix,600,0.5,15,252.733,4214
BellmanFord,List,600,0.5,15,259.853,7283
Prim,Matrix,600,0.5,16,124.395,754
Prim,List,600,0.5,16,10.44,738
Kruskal,Matrix,600,0.5,16,6.363,754
Kruskal,List,600,0.5,16,9.419,738
Dijkstra,Matrix,600,0.5,16,214.074,2503
Dijkstra,List,600,0.5,16,9.514,2983
BellmanFord,Matrix,600,0.5,16,268.638,2503
BellmanFord,List,600,0.5,16,260.853,2983
Prim,Matrix,600,0.5,17,127.272,784
Prim,List,600,0.5,17,11.027,758
Kruskal,Matrix,600,0.5,17,6.413,784
Kruskal,List,600,0.5,17,9.567,758
Dijkstra,Matrix,600,0.5,17,210.88,3109
Dijkstra,List,600,0.5,17,9.454,2817
BellmanFord,Matrix,600,0.5,17,252.697,3109
BellmanFord,List,600,0.5,17,257.453,2817
Prim,Matrix,600,0.5,18,128.221,779
Prim,List,600,0.5,18,10.925,773
Kruskal,Matrix,600,0.5,18,6.464,779
Kruskal,List,600,0.5,18,9.918,773
Dijkstra,Matrix,600,0.5,18,210.947,2358
Dijkstra,List,600,0.5,18,9.478,2758
BellmanFord,Matrix,600,0.5,18,253.513,2358
BellmanFord,List,600,0.5,18,257.145,2758
Prim,Matrix,600,0.5,19,125.035,787
Prim,List,600,0.5,19,9.976,802
Kruskal,Matrix,600,0.5,19,6.473,787
Kruskal,List,600,0.5,19,11.273,802
Dijkstra,Matrix,600,0.5,19,212.54,2686
Dijkstra,List,600,0.5,19,9.276,2686
BellmanFord,Matrix,600,0.5,19,251.172,2686
BellmanFord,List,600,0.5,19,257.168,2686
Prim,Matrix,600,0.5,20,124.444,716
Prim,List,600,0.5,20,10.908,728
Kruskal,Matrix,600,0.5,20,6.298,716
Kruskal,List,600,0.5,20,9.282,728
Dijkstra,Matrix,600,0.5,20,220.746,2434
Dijkstra,List,600,0.5,20,10.318,2811
BellmanFord,Matrix,600,0.5,20,253.318,2434
BellmanFord,List,600,0.5,20,258.037,2811
Prim,Matrix,600,0.5,21,121.491,743
Prim,List,600,0.5,21,10.876,768
Kruskal,Matrix,600,0.5,21,6.07,743
Kruskal,List,600,0.5,21,9.353,768
Dijkstra,Matrix,600,0.5,21,209.19,3030
Dijkstra,List,600,0.5,21,10.902,2896
BellmanFord,Matrix,600,0.5,21,249.985,3030
BellmanFord,List,600,0.5,21,256.65,2896
Prim,Matrix,600,0.5,22,122.506,751
Prim,List,600,0.5,22,13.181,770
Kruskal,Matrix,600,0.5,22,6.42,751
Kruskal,List,600,0.5,22,10.67,770
Dijkstra,Matrix,600,0.5,22,209.801,5868
Dijkstra,List,600,0.5,22,9.679,4726
BellmanFord,Matrix,600,0.5,22,249.427,5868
BellmanFord,List,600,0.5,22,253.859,4726
Prim,Matrix,600,0.5,23,122.074,740
Prim,List,600,0.5,23,10.429,754
Kruskal,Matrix,600,0.5,23,6.042,740
Kruskal,List,600,0.5,23,9.379,754
Dijkstra,Matrix,600,0.5,23,207.983,5191
Dijkstra,List,600,0.5,23,9.38,3558
BellmanFord,Matrix,600,0.5,23,248.806,5191
BellmanFord,List,600,0.5,23,254.559,3558
Prim,Matrix,600,0.5,24,121.404,769
Prim,List,600,0.5,24,10.686,775
Kruskal,Matrix,600,0.5,24,5.878,769
Kruskal,List,600,0.5,24,9.513,775
Dijkstra,Matrix,600,0.5,24,209.65,2513
Dijkstra,List,600,0.5,24,9.531,2661
BellmanFord,Matrix,600,0.5,24,250.58,2513
BellmanFord,List,600,0.5,24,255.97,2661
Prim,Matrix,600,0.5,25,123.402,740
Prim,List,600,0.5,25,10.232,750
Kruskal,Matrix,600,0.5,25,6.138,740
Kruskal,List,600,0.5,25,9.405,750
Dijkstra,Matrix,600,0.5,25,207.527,4200
Dijkstra,List,600,0.5,25,9.619,5750
BellmanFord,Matrix,600,0.5,25,251.174,4200
BellmanFord,List,600,0.5,25,257.7,5750
Prim,Matrix,600,0.5,26,124.048,769
Prim,List,600,0.5,26,10.287,771
Kruskal,Matrix,600,0.5,26,7.983,769
Kruskal,List,600,0.5,26,9.593,771
Dijkstra,Matrix,600,0.5,26,213.609,2292
Dijkstra,List,600,0.5,26,9.298,2900
BellmanFord,Matrix,600,0.5,26,252.748,2292
BellmanFord,List,600,0.5,26,260.137,2900
Prim,Matrix,600,0.5,27,123.952,760
Prim,List,600,0.5,27,10.945,760
Kruskal,Matrix,600,0.5,27,6.735,760
Kruskal,List,600,0.5,27,13.573,760
Dijkstra,Matrix,600,0.5,27,215.546,2887
Dijkstra,List,600,0.5,27,9.408,2697
BellmanFord,Matrix,600,0.5,27,251.484,2887
BellmanFord,List,600,0.5,27,254.97,2697
Prim,Matrix,600,0.5,28,120.851,755
Prim,List,600,0.5,28,10.026,730
Kruskal,Matrix,600,0.5,28,6.577,755
Kruskal,List,600,0.5,28,9.831,730
Dijkstra,Matrix,600,0.5,28,207.419,14510
Dijkstra,List,600,0.5,28,11.008,30006
BellmanFord,Matrix,600,0.5,28,252.218,14510
BellmanFord,List,600,0.5,28,258.267,30006
Prim,Matrix,600,0.5,29,127.137,748
Prim,List,600,0.5,29,10.903,766
Kruskal,Matrix,600,0.5,29,6.252,748
Kruskal,List,600,0.5,29,9.169,766
Dijkstra,Matrix,600,0.5,29,210.636,32380
Dijkstra,List,600,0.5,29,9.457,40793
BellmanFord,Matrix,600,0.5,29,249.978,32380
BellmanFord,List,600,0.5,29,257.492,40793
Prim,Matrix,600,0.5,30,121.44,761
Prim,List,600,0.5,30,10.216,752
Kruskal,Matrix,600,0.5,30,6.067,761
Kruskal,List,600,0.5,30,9.062,752
Dijkstra,Matrix,600,0.5,30,207.161,2658
Dijkstra,List,600,0.5,30,10.707,2690
BellmanFord,Matrix,600,0.5,30,249.645,2658
BellmanFord,List,600,0.5,30,257.154,2690
Prim,Matrix,600,0.5,31,121.797,745
Prim,List,600,0.5,31,10.918,715
Kruskal,Matrix,600,0.5,31,6.059,745
Kruskal,List,600,0.5,31,9.414,715
Dijkstra,Matrix,600,0.5,31,207.552,5644
Dijkstra,List,600,0.5,31,9.592,4843
BellmanFord,Matrix,600,0.5,31,253.313,5644
BellmanFord,List,600,0.5,31,254.702,4843
Prim,Matrix,600,0.5,32,121.52,764
Prim,List,600,0.5,32,10.383,760
Kruskal,Matrix,600,0.5,32,5.98,764
Kruskal,List,600,0.5,32,9.509,760
Dijkstra,Matrix,600,0.5,32,207.911,4366
Dijkstra,List,600,0.5,32,10.364,5612
BellmanFord,Matrix,600,0.5,32,248.889,4366
BellmanFord,List,600,0.5,32,254.73,5612
Prim,Matrix,600,0.5,33,128.977,794
Prim,List,600,0.5,33,11.299,744
Kruskal,Matrix,600,0.5,33,6.261,794
Kruskal,List,600,0.5,33,10.721,744
Dijkstra,Matrix,600,0.5,33,212.866,2452
Dijkstra,List,600,0.5,33,12.418,2414
BellmanFord,Matrix,600,0.5,33,251.746,2452
BellmanFord,List,600,0.5,33,263.246,2414
Prim,Matrix,600,0.5,34,131.932,729
Prim,List,600,0.5,34,11.008,784
Kruskal,Matrix,600,0.5,34,6.515,729
Kruskal,List,600,0.5,34,10.478,784
Dijkstra,Matrix,600,0.5,34,213.884,2532
Dijkstra,List,600,0.5,34,10.307,2662
BellmanFord,Matrix,600,0.5,34,253.642,2532
BellmanFord,List,600,0.5,34,258.892,2662
Prim,Matrix,600,0.5,35,135.821,722
Prim,List,600,0.5,35,10.422,734
Kruskal,Matrix,600,0.5,35,6.261,722
Kruskal,List,600,0.5,35,9.002,734
Dijkstra,Matrix,600,0.5,35,214.384,2532
Dijkstra,List,600,0.5,35,9.7,2553
BellmanFord,Matrix,600,0.5,35,252.807,2532
BellmanFord,List,600,0.5,35,259.051,2553
Prim,Matrix,600,0.5,36,128.228,770
Prim,List,600,0.5,36,10.127,757
Kruskal,Matrix,600,0.5,36,6.258,770
Kruskal,List,600,0.5,36,11.095,757
Dijkstra,Matrix,600,0.5,36,214.753,3879
Dijkstra,List,600,0.5,36,9.46,3933
BellmanFord,Matrix,600,0.5,36,252.666,3879
BellmanFord,List,600,0.5,36,256.624,3933
Prim,Matrix,600,0.5,37,125.315,754
Prim,List,600,0.5,37,10.655,783
Kruskal,Matrix,600,0.5,37,6.412,754
Kruskal,List,600,0.5,37,9.208,783
Dijkstra,Matrix,600,0.5,37,224.367,2710
Dijkstra,List,600,0.5,37,10.732,2591
BellmanFord,Matrix,600,0.5,37,251.544,2710
BellmanFord,List,600,0.5,37,256.036,2591
Prim,Matrix,600,0.5,38,122.61,724
Prim,List,600,0.5,38,10.412,726
Kruskal,Matrix,600,0.5,38,6.149,724
Kruskal,List,600,0.5,38,9.088,726
Dijkstra,Matrix,600,0.5,38,211.307,6120
Dijkstra,List,600,0.5,38,10.073,4768
BellmanFord,Matrix,600,0.5,38,249.704,6120
BellmanFord,List,600,0.5,38,256.445,4768
Prim,Matrix,600,0.5,39,122.088,756
Prim,List,600,0.5,39,10.459,773
Kruskal,Matrix,600,0.5,39,6.306,756
Kruskal,List,600,0.5,39,9.979,773
Dijkstra,Matrix,600,0.5,39,208.114,3183
Dijkstra,List,600,0.5,39,10.386,9714
BellmanFord,Matrix,600,0.5,39,254.973,3183
BellmanFord,List,600,0.5,39,258.982,9714
Prim,Matrix,600,0.5,40,130.81,732
Prim,List,600,0.5,40,11.536,790
Kruskal,Matrix,600,0.5,40,6.792,732
Kruskal,List,600,0.5,40,11.42,790
Dijkstra,Matrix,600,0.5,40,211.845,3248
Dijkstra,List,600,0.5,40,10.289,3262
BellmanFord,Matrix,600,0.5,40,255.257,3248
BellmanFord,List,600,0.5,40,259.792,3262
Prim,Matrix,600,0.5,41,124.214,762
Prim,List,600,0.5,41,10.277,757
Kruskal,Matrix,600,0.5,41,6.501,762
Kruskal,List,600,0.5,41,9.946,757
Dijkstra,Matrix,600,0.5,41,212.016,7196
Dijkstra,List,600,0.5,41,13.221,4539
BellmanFord,Matrix,600,0.5,41,253.192,7196
BellmanFord,List,600,0.5,41,256.904,4539
Prim,Matrix,600,0.5,42,123.693,783
Prim,List,600,0.5,42,10.887,734
Kruskal,Matrix,600,0.5,42,6.132,783
Kruskal,List,600,0.5,42,10.154,734
Dijkstra,Matrix,600,0.5,42,214.251,4360
Dijkstra,List,600,0.5,42,9.872,3249
BellmanFord,Matrix,600,0.5,42,254.088,4360
BellmanFord,List,600,0.5,42,261.133,3249
Prim,Matrix,600,0.5,43,125.512,748
Prim,List,600,0.5,43,11.355,726
Kruskal,Matrix,600,0.5,43,6.588,748
Kruskal,List,600,0.5,43,10.216,726
Dijkstra,Matrix,600,0.5,43,214.17,3569
Dijkstra,List,600,0.5,43,10.635,2583
BellmanFord,Matrix,600,0.5,43,256.718,3569
BellmanFord,List,600,0.5,43,257.99,2583
Prim,Matrix,600,0.5,44,125.25,698
Prim,List,600,0.5,44,11.391,728
Kruskal,Matrix,600,0.5,44,6.53,698
Kruskal,List,600,0.5,44,9.311,728
Dijkstra,Matrix,600,0.5,44,236.28,2851
Dijkstra,List,600,0.5,44,13.654,2616
BellmanFord,Matrix,600,0.5,44,252.686,2851
BellmanFord,List,600,0.5,44,254.984,2616
Prim,Matrix,600,0.5,45,124.674,764
Prim,List,600,0.5,45,11.629,758
Kruskal,Matrix,600,0.5,45,6.089,764
Kruskal,List,600,0.5,45,9.941,758
Dijkstra,Matrix,600,0.5,45,213.747,32225
Dijkstra,List,600,0.5,45,9.479,8578
BellmanFord,Matrix,600,0.5,45,253.204,32225
BellmanFord,List,600,0.5,45,261.818,8578
Prim,Matrix,600,0.5,46,126.898,784
Prim,List,600,0.5,46,12.076,763
Kruskal,Matrix,600,0.5,46,6.629,784
Kruskal,List,600,0.5,46,11.492,763
Dijkstra,Matrix,600,0.5,46,212.528,2766
Dijkstra,List,600,0.5,46,12.237,2633
BellmanFord,Matrix,600,0.5,46,257.444,2766
BellmanFord,List,600,0.5,46,265.938,2633
Prim,Matrix,600,0.5,47,129.032,780
Prim,List,600,0.5,47,10.6,771
Kruskal,Matrix,600,0.5,47,6.114,780
Kruskal,List,600,0.5,47,9.596,771
Dijkstra,Matrix,600,0.5,47,214.968,2815
Dijkstra,List,600,0.5,47,10.116,2738
BellmanFord,Matrix,600,0.5,47,269.344,2815
BellmanFord,List,600,0.5,47,272.943,2738
Prim,Matrix,600,0.5,48,131.634,724
Prim,List,600,0.5,48,12.745,711
Kruskal,Matrix,600,0.5,48,6.353,724
Kruskal,List,600,0.5,48,12.863,711
Dijkstra,Matrix,600,0.5,48,240.5,3601
Dijkstra,List,600,0.5,48,13.654,6134
BellmanFord,Matrix,600,0.5,48,262.046,3601
BellmanFord,List,600,0.5,48,260.105,6134
Prim,Matrix,600,0.5,49,134.419,749
Prim,List,600,0.5,49,16.13,734
Kruskal,Matrix,600,0.5,49,13.164,749
Kruskal,List,600,0.5,49,21.361,734
Dijkstra,Matrix,600,0.5,49,222.493,2759
Dijkstra,List,600,0.5,49,11.597,2286
BellmanFord,Matrix,600,0.5,49,254.655,2759
BellmanFord,List,600,0.5,49,263.429,2286
Prim,Matrix,600,0.99,0,266.137,604
Prim,List,600,0.99,0,30.668,600
Kruskal,Matrix,600,0.99,0,13.17,604
Kruskal,List,600,0.99,0,37.074,600
Dijkstra,Matrix,600,0.99,0,448.809,2173
Dijkstra,List,600,0.99,0,28.886,2075
BellmanFord,Matrix,600,0.99,0,516.201,2173
BellmanFord,List,600,0.99,0,525.412,2075
Prim,Matrix,600,0.99,1,260.332,603
Prim,List,600,0.99,1,23.902,599
Kruskal,Matrix,600,0.99,1,13.127,603
Kruskal,List,600,0.99,1,25.278,599
Dijkstra,Matrix,600,0.99,1,434.535,2182
Dijkstra,List,600,0.99,1,20.219,2126
BellmanFord,Matrix,600,0.99,1,504.608,2182
BellmanFord,List,600,0.99,1,521.511,2126
Prim,Matrix,600,0.99,2,246.005,600
Prim,List,600,0.99,2,21.334,602
Kruskal,Matrix,600,0.99,2,13.478,600
Kruskal,List,600,0.99,2,23.967,602
Dijkstra,Matrix,600,0.99,2,419.829,2060
Dijkstra,List,600,0.99,2,19.547,2238
BellmanFord,Matrix,600,0.99,2,502.279,2060
BellmanFord,List,600,0.99,2,516.872,2238
Prim,Matrix,600,0.99,3,261.448,602
Prim,List,600,0.99,3,34.451,601
Kruskal,Matrix,600,0.99,3,13.042,602
Kruskal,List,600,0.99,3,40.818,601
Dijkstra,Matrix,600,0.99,3,438.6,1950
Dijkstra,List,600,0.99,3,33.898,2206
BellmanFord,Matrix,600,0.99,3,536.407,1950
BellmanFord,List,600,0.99,3,533.919,2206
Prim,Matrix,600,0.99,4,257.836,600
Prim,List,600,0.99,4,24.181,599
Kruskal,Matrix,600,0.99,4,12.875,600
Kruskal,List,600,0.99,4,26.938,599
Dijkstra,Matrix,600,0.99,4,429.786,2311
Dijkstra,List,600,0.99,4,19.189,2256
BellmanFord,Matrix,600,0.99,4,537.437,2311
BellmanFord,List,600,0.99,4,585.779,2256
Prim,Matrix,600,0.99,5,270.051,601
Prim,List,600,0.99,5,31.465,601
Kruskal,Matrix,600,0.99,5,13.47,601
Kruskal,List,600,0.99,5,32.171,601
Dijkstra,Matrix,600,0.99,5,425.462,1931
Dijkstra,List,600,0.99,5,25.062,2245
BellmanFord,Matrix,600,0.99,5,507.781,1931
BellmanFord,List,600,0.99,5,516.709,2245
Prim,Matrix,600,0.99,6,265.362,600
Prim,List,600,0.99,6,25.519,600
Kruskal,Matrix,600,0.99,6,13.435,600
Kruskal,List,600,0.99,6,27.05,600
Dijkstra,Matrix,600,0.99,6,426.973,2272
Dijkstra,List,600,0.99,6,19.842,2156
BellmanFord,Matrix,600,0.99,6,509.089,2272
BellmanFord,List,600,0.99,6,511.132,2156
Prim,Matrix,600,0.99,7,259.552,600
Prim,List,600,0.99,7,24.259,600
Kruskal,Matrix,600,0.99,7,13.087,600
Kruskal,List,600,0.99,7,28.909,600
Dijkstra,Matrix,600,0.99,7,425.77,2082
Dijkstra,List,600,0.99,7,19.821,2018
BellmanFord,Matrix,600,0.99,7,505.443,2082
BellmanFord,List,600,0.99,7,517.228,2018
Prim,Matrix,600,0.99,8,266.723,600
Prim,List,600,0.99,8,24.759,600
Kruskal,Matrix,600,0.99,8,13.53,600
Kruskal,List,600,0.99,8,30.29,600
Dijkstra,Matrix,600,0.99,8,416.307,2104
Dijkstra,List,600,0.99,8,21.97,2077
BellmanFord,Matrix,600,0.99,8,539.475,2104
BellmanFord,List,600,0.99,8,550.965,2077
Prim,Matrix,600,0.99,9,285.162,603
Prim,List,600,0.99,9,25.852,600
Kruskal,Matrix,600,0.99,9,13.415,603
Kruskal,List,600,0.99,9,28.977,600
Dijkstra,Matrix,600,0.99,9,420.463,2253
Dijkstra,List,600,0.99,9,19.053,2249
BellmanFord,Matrix,600,0.99,9,504.674,2253
BellmanFord,List,600,0.99,9,523.525,2249
Prim,Matrix,600,0.99,10,268.766,602
Prim,List,600,0.99,10,23.677,600
Kruskal,Matrix,600,0.99,10,13.079,602
Kruskal,List,600,0.99,10,21.111,600
Dijkstra,Matrix,600,0.99,10,438.603,2384
Dijkstra,List,600,0.99,10,22.398,2193
BellmanFord,Matrix,600,0.99,10,516.677,2384
BellmanFord,List,600,0.99,10,519.348,2193
Prim,Matrix,600,0.99,11,281.409,600
Prim,List,600,0.99,11,21.285,601
Kruskal,Matrix,600,0.99,11,13.53,600
Kruskal,List,600,0.99,11,21.358,601
Dijkstra,Matrix,600,0.99,11,434.458,2284
Dijkstra,List,600,0.99,11,20.86,2013
BellmanFord,Matrix,600,0.99,11,516.389,2284
BellmanFord,List,600,0.99,11,527.214,2013
Prim,Matrix,600,0.99,12,258.993,600
Prim,List,600,0.99,12,26.565,600
Kruskal,Matrix,600,0.99,12,13.993,600
Kruskal,List,600,0.99,12,27.04,600
Dijkstra,Matrix,600,0.99,12,441.091,2070
Dijkstra,List,600,0.99,12,21.956,1903
BellmanFord,Matrix,600,0.99,12,510.125,2070
BellmanFord,List,600,0.99,12,528.225,1903
Prim,Matrix,600,0.99,13,248.51,600
Prim,List,600,0.99,13,20.547,604
Kruskal,Matrix,600,0.99,13,13.547,600
Kruskal,List,600,0.99,13,28.403,604
Dijkstra,Matrix,600,0.99,13,429.794,1922
Dijkstra,List,600,0.99,13,19.382,2200
BellmanFord,Matrix,600,0.99,13,516.385,1922
BellmanFord,List,600,0.99,13,523.206,2200
Prim,Matrix,600,0.99,14,259.395,601
Prim,List,600,0.99,14,21.929,599
Kruskal,Matrix,600,0.99,14,13.165,601
Kruskal,List,600,0.99,14,21.737,599
Dijkstra,Matrix,600,0.99,14,426.591,2011
Dijkstra,List,600,0.99,14,19.044,2354
BellmanFord,Matrix,600,0.99,14,520.194,2011
BellmanFord,List,600,0.99,14,524.435,2354
Prim,Matrix,600,0.99,15,252.602,600
Prim,List,600,0.99,15,21.181,600
Kruskal,Matrix,600,0.99,15,12.723,600
Kruskal,List,600,0.99,15,21.66,600
Dijkstra,Matrix,600,0.99,15,432.786,2328
Dijkstra,List,600,0.99,15,22.536,2375
BellmanFord,Matrix,600,0.99,15,504.437,2328
BellmanFord,List,600,0.99,15,527.105,2375
Prim,Matrix,600,0.99,16,247.378,600
Prim,List,600,0.99,16,21.582,603
Kruskal,Matrix,600,0.99,16,13.335,600
Kruskal,List,600,0.99,16,24.457,603
Dijkstra,Matrix,600,0.99,16,430.129,2064
Dijkstra,List,600,0.99,16,19.915,2131
BellmanFord,Matrix,600,0.99,16,517.68,2064
BellmanFord,List,600,0.99,16,523.033,2131
Prim,Matrix,600,0.99,17,258.894,599
Prim,List,600,0.99,17,24.545,600
Kruskal,Matrix,600,0.99,17,13.255,599
Kruskal,List,600,0.99,17,24.445,600
Dijkstra,Matrix,600,0.99,17,430.036,2134
Dijkstra,List,600,0.99,17,21.95,2043
BellmanFord,Matrix,600,0.99,17,528.458,2134
BellmanFord,List,600,0.99,17,527.644,2043
Prim,Matrix,600,0.99,18,252.919,601
Prim,List,600,0.99,18,21.953,602
Kruskal,Matrix,600,0.99,18,45.103,601
Kruskal,List,600,0.99,18,24.926,602
Dijkstra,Matrix,600,0.99,18,431.559,2314
Dijkstra,List,600,0.99,18,19.803,2124
BellmanFord,Matrix,600,0.99,18,508.323,2314
BellmanFord,List,600,0.99,18,517.155,2124
Prim,Matrix,600,0.99,19,248.662,601
Prim,List,600,0.99,19,23.626,602
Kruskal,Matrix,600,0.99,19,13.242,601
Kruskal,List,600,0.99,19,31.823,602
Dijkstra,Matrix,600,0.99,19,424.617,2122
Dijkstra,List,600,0.99,19,19.198,2127
BellmanFord,Matrix,600,0.99,19,518.297,2122
BellmanFord,List,600,0.99,19,511.933,2127
Prim,Matrix,600,0.99,20,260.703,600
Prim,List,600,0.99,20,29.591,601
Kruskal,Matrix,600,0.99,20,13.454,600
Kruskal,List,600,0.99,20,37.983,601
Dijkstra,Matrix,600,0.99,20,421.773,2134
Dijkstra,List,600,0.99,20,37.756,2290
BellmanFord,Matrix,600,0.99,20,499.863,2134
BellmanFord,List,600,0.99,20,534.876,2290
Prim,Matrix,600,0.99,21,258.964,599
Prim,List,600,0.99,21,20.819,599
Kruskal,Matrix,600,0.99,21,12.856,599
Kruskal,List,600,0.99,21,22.63,599
Dijkstra,Matrix,600,0.99,21,433.927,2139
Dijkstra,List,600,0.99,21,22.315,2189
BellmanFord,Matrix,600,0.99,21,511.656,2139
BellmanFord,List,600,0.99,21,530.741,2189
Prim,Matrix,600,0.99,22,247.907,600
Prim,List,600,0.99,22,24.258,601
Kruskal,Matrix,600,0.99,22,12.864,600
Kruskal,List,600,0.99,22,22.17,601
Dijkstra,Matrix,600,0.99,22,423.369,2156
Dijkstra,List,600,0.99,22,19.395,2371
BellmanFord,Matrix,600,0.99,22,518.556,2156
BellmanFord,List,600,0.99,22,518.114,2371
Prim,Matrix,600,0.99,23,277.074,600
Prim,List,600,0.99,23,22.336,601
Kruskal,Matrix,600,0.99,23,12.508,600
Kruskal,List,600,0.99,23,23.395,601
Dijkstra,Matrix,600,0.99,23,445.228,2284
Dijkstra,List,600,0.99,23,22.118,2072
BellmanFord,Matrix,600,0.99,23,513.997,2284
BellmanFord,List,600,0.99,23,536.202,2072
Prim,Matrix,600,0.99,24,247.768,600
Prim,List,600,0.99,24,23.792,601
Kruskal,Matrix,600,0.99,24,13.186,600
Kruskal,List,600,0.99,24,23.276,601
Dijkstra,Matrix,600,0.99,24,438.099,2000
Dijkstra,List,600,0.99,24,22.777,2077
BellmanFord,Matrix,600,0.99,24,510.221,2000
BellmanFord,List,600,0.99,24,514.132,2077
Prim,Matrix,600,0.99,25,248.367,600
Prim,List,600,0.99,25,21.22,599
Kruskal,Matrix,600,0.99,25,12.858,600
Kruskal,List,600,0.99,25,21.707,599
Dijkstra,Matrix,600,0.99,25,431.831,2083
Dijkstra,List,600,0.99,25,19.131,2049
BellmanFord,Matrix,600,0.99,25,517.12,2083
BellmanFord,List,600,0.99,25,528.11,2049
Prim,Matrix,600,0.99,26,261.573,601
Prim,List,600,0.99,26,24.413,604
Kruskal,Matrix,600,0.99,26,13.396,601
Kruskal,List,600,0.99,26,32.039,604
Dijkstra,Matrix,600,0.99,26,434.475,2111
Dijkstra,List,600,0.99,26,24.807,2199
BellmanFord,Matrix,600,0.99,26,506.721,2111
BellmanFord,List,600,0.99,26,528.518,2199
Prim,Matrix,600,0.99,27,250.463,602
Prim,List,600,0.99,27,26.93,602
Kruskal,Matrix,600,0.99,27,13.156,602
Kruskal,List,600,0.99,27,21.91,602
Dijkstra,Matrix,600,0.99,27,436.044,2536
Dijkstra,List,600,0.99,27,21.471,2382
BellmanFord,Matrix,600,0.99,27,506.084,2536
BellmanFord,List,600,0.99,27,527.625,2382
Prim,Matrix,600,0.99,28,251.432,599
Prim,List,600,0.99,28,29.648,600
Kruskal,Matrix,600,0.99,28,13.557,599
Kruskal,List,600,0.99,28,26.788,600
Dijkstra,Matrix,600,0.99,28,425.297,2290
Dijkstra,List,600,0.99,28,25.812,2126
BellmanFord,Matrix,600,0.99,28,516.321,2290
BellmanFord,List,600,0.99,28,530.782,2126
Prim,Matrix,600,0.99,29,270.884,601
Prim,List,600,0.99,29,24.278,599
Kruskal,Matrix,600,0.99,29,13.165,601
Kruskal,List,600,0.99,29,31.14,599
Dijkstra,Matrix,600,0.99,29,434.976,2122
Dijkstra,List,600,0.99,29,19.727,2023
BellmanFord,Matrix,600,0.99,29,503.711,2122
BellmanFord,List,600,0.99,29,536.498,2023
Prim,Matrix,600,0.99,30,256.341,606
Prim,List,600,0.99,30,32.656,605
Kruskal,Matrix,600,0.99,30,13.248,606
Kruskal,List,600,0.99,30,33.405,605
Dijkstra,Matrix,600,0.99,30,436.84,2103
Dijkstra,List,600,0.99,30,21.141,2179
BellmanFord,Matrix,600,0.99,30,511.269,2103
BellmanFord,List,600,0.99,30,523.03,2179
Prim,Matrix,600,0.99,31,255.877,600
Prim,List,600,0.99,31,24.26,600
Kruskal,Matrix,600,0.99,31,13.947,600
Kruskal,List,600,0.99,31,28.35,600
Dijkstra,Matrix,600,0.99,31,425,2223
Dijkstra,List,600,0.99,31,19.841,2195
BellmanFord,Matrix,600,0.99,31,515.148,2223
BellmanFord,List,600,0.99,31,509.835,2195
Prim,Matrix,600,0.99,32,270.309,599
Prim,List,600,0.99,32,23.955,600
Kruskal,Matrix,600,0.99,32,13.251,599
Kruskal,List,600,0.99,32,31.858,600
Dijkstra,Matrix,600,0.99,32,432.197,2124
Dijkstra,List,600,0.99,32,23.076,2036
BellmanFord,Matrix,600,0.99,32,511.125,2124
BellmanFord,List,600,0.99,32,533.613,2036
Prim,Matrix,600,0.99,33,251.321,600
Prim,List,600,0.99,33,25.861,601
Kruskal,Matrix,600,0.99,33,13.487,600
Kruskal,List,600,0.99,33,26.749,601
Dijkstra,Matrix,600,0.99,33,442.394,2054
Dijkstra,List,600,0.99,33,19.516,2143
BellmanFord,Matrix,600,0.99,33,526.185,2054
BellmanFord,List,600,0.99,33,531.313,2143
Prim,Matrix,600,0.99,34,249.797,599
Prim,List,600,0.99,34,21.71,600
Kruskal,Matrix,600,0.99,34,13.397,599
Kruskal,List,600,0.99,34,24.132,600
Dijkstra,Matrix,600,0.99,34,429.527,2169
Dijkstra,List,600,0.99,34,19.44,2019
BellmanFord,Matrix,600,0.99,34,517.993,2169
BellmanFord,List,600,0.99,34,528.719,2019
Prim,Matrix,600,0.99,35,253.063,601
Prim,List,600,0.99,35,21.114,601
Kruskal,Matrix,600,0.99,35,13.128,601
Kruskal,List,600,0.99,35,22.098,601
Dijkstra,Matrix,600,0.99,35,437.127,2197
Dijkstra,List,600,0.99,35,21.753,2254
BellmanFord,Matrix,600,0.99,35,516.579,2197
BellmanFord,List,600,0.99,35,525.713,2254
Prim,Matrix,600,0.99,36,254.54,600
Prim,List,600,0.99,36,22.733,601
Kruskal,Matrix,600,0.99,36,13.317,600
Kruskal,List,600,0.99,36,22.805,601
Dijkstra,Matrix,600,0.99,36,434.09,2051
Dijkstra,List,600,0.99,36,27.453,2017
BellmanFord,Matrix,600,0.99,36,528.685,2051
BellmanFord,List,600,0.99,36,513.533,2017
Prim,Matrix,600,0.99,37,271.225,600
Prim,List,600,0.99,37,24.252,600
Kruskal,Matrix,600,0.99,37,13.444,600
Kruskal,List,600,0.99,37,26.283,600
Dijkstra,Matrix,600,0.99,37,421.287,2068
Dijkstra,List,600,0.99,37,23.54,2448
BellmanFord,Matrix,600,0.99,37,508.756,2068
BellmanFord,List,600,0.99,37,518.489,2448
Prim,Matrix,600,0.99,38,257.231,599
Prim,List,600,0.99,38,26.422,599
Kruskal,Matrix,600,0.99,38,13.16,599
Kruskal,List,600,0.99,38,25.148,599
Dijkstra,Matrix,600,0.99,38,443.809,2179
Dijkstra,List,600,0.99,38,22.513,2240
BellmanFord,Matrix,600,0.99,38,511.779,2179
BellmanFord,List,600,0.99,38,527.166,2240
Prim,Matrix,600,0.99,39,246.644,601
Prim,List,600,0.99,39,21.241,600
Kruskal,Matrix,600,0.99,39,13.381,601
Kruskal,List,600,0.99,39,23.813,600
Dijkstra,Matrix,600,0.99,39,428.623,2109
Dijkstra,List,600,0.99,39,20.966,2208
BellmanFord,Matrix,600,0.99,39,516.068,2109
BellmanFord,List,600,0.99,39,518.605,2208
Prim,Matrix,600,0.99,40,272.363,600
Prim,List,600,0.99,40,25.23,600
Kruskal,Matrix,600,0.99,40,13.034,600
Kruskal,List,600,0.99,40,26.317,600
Dijkstra,Matrix,600,0.99,40,428.71,2006
Dijkstra,List,600,0.99,40,28.178,2134
BellmanFord,Matrix,600,0.99,40,505.999,2006
BellmanFord,List,600,0.99,40,522.498,2134
Prim,Matrix,600,0.99,41,270.676,600
Prim,List,600,0.99,41,26.416,605
Kruskal,Matrix,600,0.99,41,13.601,600
Kruskal,List,600,0.99,41,27.84,605
Dijkstra,Matrix,600,0.99,41,443.791,2166
Dijkstra,List,600,0.99,41,20.074,2037
BellmanFord,Matrix,600,0.99,41,512.661,2166
BellmanFord,List,600,0.99,41,533.186,2037
Prim,Matrix,600,0.99,42,249.343,601
Prim,List,600,0.99,42,20.683,600
Kruskal,Matrix,600,0.99,42,13.461,601
Kruskal,List,600,0.99,42,22.12,600
Dijkstra,Matrix,600,0.99,42,433,2084
Dijkstra,List,600,0.99,42,22.751,2021
BellmanFord,Matrix,600,0.99,42,525.188,2084
BellmanFord,List,600,0.99,42,522.246,2021
Prim,Matrix,600,0.99,43,278.562,601
Prim,List,600,0.99,43,29.344,600
Kruskal,Matrix,600,0.99,43,13.377,601
Kruskal,List,600,0.99,43,26.541,600
Dijkstra,Matrix,600,0.99,43,428.601,2098
Dijkstra,List,600,0.99,43,24.678,2129
BellmanFord,Matrix,600,0.99,43,509.895,2098
BellmanFord,List,600,0.99,43,543.858,2129
Prim,Matrix,600,0.99,44,250.689,601
Prim,List,600,0.99,44,20.888,599
Kruskal,Matrix,600,0.99,44,13.454,601
Kruskal,List,600,0.99,44,22.41,599
Dijkstra,Matrix,600,0.99,44,446.651,2025
Dijkstra,List,600,0.99,44,19.878,2053
BellmanFord,Matrix,600,0.99,44,512.406,2025
BellmanFord,List,600,0.99,44,525.408,2053
Prim,Matrix,600,0.99,45,277.796,600
Prim,List,600,0.99,45,20.519,599
Kruskal,Matrix,600,0.99,45,17.36,600
Kruskal,List,600,0.99,45,23.465,599
Dijkstra,Matrix,600,0.99,45,433.941,2129
Dijkstra,List,600,0.99,45,22.635,2477
BellmanFord,Matrix,600,0.99,45,530.694,2129
BellmanFord,List,600,0.99,45,521.96,2477
Prim,Matrix,600,0.99,46,270.482,600
Prim,List,600,0.99,46,21.781,601
Kruskal,Matrix,600,0.99,46,13.401,600
Kruskal,List,600,0.99,46,22.168,601
Dijkstra,Matrix,600,0.99,46,440.031,2219
Dijkstra,List,600,0.99,46,20.24,2132
BellmanFord,Matrix,600,0.99,46,515.373,2219
BellmanFord,List,600,0.99,46,532.883,2132
Prim,Matrix,600,0.99,47,248.223,600
Prim,List,600,0.99,47,21.349,602
Kruskal,Matrix,600,0.99,47,13.562,600
Kruskal,List,600,0.99,47,28.714,602
Dijkstra,Matrix,600,0.99,47,444.324,2262
Dijkstra,List,600,0.99,47,22.43,2063
BellmanFord,Matrix,600,0.99,47,521.132,2262
BellmanFord,List,600,0.99,47,532.974,2063
Prim,Matrix,600,0.99,48,261.27,601
Prim,List,600,0.99,48,28.027,601
Kruskal,Matrix,600,0.99,48,13.197,601
Kruskal,List,600,0.99,48,28.279,601
Dijkstra,Matrix,600,0.99,48,429.438,2304
Dijkstra,List,600,0.99,48,19.493,2185
BellmanFord,Matrix,600,0.99,48,507.243,2304
BellmanFord,List,600,0.99,48,541.943,2185
Prim,Matrix,600,0.99,49,250.755,600
Prim,List,600,0.99,49,31.217,599
Kruskal,Matrix,600,0.99,49,13.445,600
Kruskal,List,600,0.99,49,28.964,599
Dijkstra,Matrix,600,0.99,49,445.625,2015
Dijkstra,List,600,0.99,49,21.934,2291
BellmanFord,Matrix,600,0.99,49,512.437,2015
BellmanFord,List,600,0.99,49,532.281,2291
Prim,Matrix,800,0.25,0,150.238,2328
Prim,List,800,0.25,0,8.986,2524
Kruskal,Matrix,800,0.25,0,5.486,2328
Kruskal,List,800,0.25,0,8.308,2524
Dijkstra,Matrix,800,0.25,0,261.293,4333452
Dijkstra,List,800,0.25,0,9.8,2639777
BellmanFord,Matrix,800,0.25,0,294.843,4333452
BellmanFord,List,800,0.25,0,307.284,2639777
Prim,Matrix,800,0.25,1,150.947,2479
Prim,List,800,0.25,1,8.951,2247
Kruskal,Matrix,800,0.25,1,5.384,2479
Kruskal,List,800,0.25,1,8.235,2247
Dijkstra,Matrix,800,0.25,1,256.556,3603837
Dijkstra,List,800,0.25,1,9.116,944775
BellmanFord,Matrix,800,0.25,1,299.598,3603837
BellmanFord,List,800,0.25,1,316.826,944775
Prim,Matrix,800,0.25,2,163.031,2304
Prim,List,800,0.25,2,9.497,2503
Kruskal,Matrix,800,0.25,2,5.685,2304
Kruskal,List,800,0.25,2,11.978,2503
Dijkstra,Matrix,800,0.25,2,266.342,3268258
Dijkstra,List,800,0.25,2,16.448,6491819
BellmanFord,Matrix,800,0.25,2,322.763,3268258
BellmanFord,List,800,0.25,2,289.784,6491819
Prim,Matrix,800,0.25,3,157.068,2560
Prim,List,800,0.25,3,9.029,2568
Kruskal,Matrix,800,0.25,3,5.401,2560
Kruskal,List,800,0.25,3,8.242,2568
Dijkstra,Matrix,800,0.25,3,256.111,2176539
Dijkstra,List,800,0.25,3,10.107,2208219
BellmanFord,Matrix,800,0.25,3,306.394,2176539
BellmanFord,List,800,0.25,3,322.821,2208219
Prim,Matrix,800,0.25,4,155.864,2187
Prim,List,800,0.25,4,9.821,2559
Kruskal,Matrix,800,0.25,4,5.559,2187
Kruskal,List,800,0.25,4,8.994,2559
Dijkstra,Matrix,800,0.25,4,255.048,2892861
Dijkstra,List,800,0.25,4,8.291,3159342
BellmanFord,Matrix,800,0.25,4,294.038,2892861
BellmanFord,List,800,0.25,4,305.05,3159342
Prim,Matrix,800,0.25,5,149.432,2252
Prim,List,800,0.25,5,8.853,2431
Kruskal,Matrix,800,0.25,5,5.888,2252
Kruskal,List,800,0.25,5,8.23,2431
Dijkstra,Matrix,800,0.25,5,254.881,83450
Dijkstra,List,800,0.25,5,7.768,15380
BellmanFord,Matrix,800,0.25,5,313.972,83450
BellmanFord,List,800,0.25,5,314.101,15380
Prim,Matrix,800,0.25,6,154.103,2937
Prim,List,800,0.25,6,9.946,2324
Kruskal,Matrix,800,0.25,6,6.032,2937
Kruskal,List,800,0.25,6,9.297,2324
Dijkstra,Matrix,800,0.25,6,258.933,120415
Dijkstra,List,800,0.25,6,8.682,25086
BellmanFord,Matrix,800,0.25,6,317.546,120415
BellmanFord,List,800,0.25,6,325.378,25086
Prim,Matrix,800,0.25,7,162.918,2530
Prim,List,800,0.25,7,12.074,2593
Kruskal,Matrix,800,0.25,7,8.22,2530
Kruskal,List,800,0.25,7,16.614,2593
Dijkstra,Matrix,800,0.25,7,262.244,1002917
Dijkstra,List,800,0.25,7,8.988,2514217
BellmanFord,Matrix,800,0.25,7,313.237,1002917
BellmanFord,List,800,0.25,7,305.597,2514217
Prim,Matrix,800,0.25,8,161.983,2510
Prim,List,800,0.25,8,12.559,2823
Kruskal,Matrix,800,0.25,8,6.001,2510
Kruskal,List,800,0.25,8,19.572,2823
Dijkstra,Matrix,800,0.25,8,266.812,2016594
Dijkstra,List,800,0.25,8,10.868,2449195
BellmanFord,Matrix,800,0.25,8,305.957,2016594
BellmanFord,List,800,0.25,8,313.305,2449195
Prim,Matrix,800,0.25,9,158.223,2874
Prim,List,800,0.25,9,12.181,2386
Kruskal,Matrix,800,0.25,9,5.425,2874
Kruskal,List,800,0.25,9,10.51,2386
Dijkstra,Matrix,800,0.25,9,260.256,4367
Dijkstra,List,800,0.25,9,9.57,34516
BellmanFord,Matrix,800,0.25,9,310.779,4367
BellmanFord,List,800,0.25,9,310.065,34516
Prim,Matrix,800,0.25,10,151.875,2378
Prim,List,800,0.25,10,13.061,2343
Kruskal,Matrix,800,0.25,10,5.665,2378
Kruskal,List,800,0.25,10,11.183,2343
Dijkstra,Matrix,800,0.25,10,266.993,2243584
Dijkstra,List,800,0.25,10,10.701,4320198
BellmanFord,Matrix,800,0.25,10,310.01,2243584
BellmanFord,List,800,0.25,10,303.116,4320198
Prim,Matrix,800,0.25,11,154.054,2663
Prim,List,800,0.25,11,12.547,2756
Kruskal,Matrix,800,0.25,11,5.663,2663
Kruskal,List,800,0.25,11,9.863,2756
Dijkstra,Matrix,800,0.25,11,257.674,3535
Dijkstra,List,800,0.25,11,9.979,5985
BellmanFord,Matrix,800,0.25,11,310.484,3535
BellmanFord,List,800,0.25,11,324.365,5985
Prim,Matrix,800,0.25,12,155.364,2691
Prim,List,800,0.25,12,11.121,2883
Kruskal,Matrix,800,0.25,12,5.821,2691
Kruskal,List,800,0.25,12,10.582,2883
Dijkstra,Matrix,800,0.25,12,291.093,4176
Dijkstra,List,800,0.25,12,10.523,7106
BellmanFord,Matrix,800,0.25,12,319.022,4176
BellmanFord,List,800,0.25,12,332.127,7106
Prim,Matrix,800,0.25,13,158.729,2569
Prim,List,800,0.25,13,12.021,2661
Kruskal,Matrix,800,0.25,13,6.027,2569
Kruskal,List,800,0.25,13,15.529,2661
Dijkstra,Matrix,800,0.25,13,269.892,78478
Dijkstra,List,800,0.25,13,8.806,81479
BellmanFord,Matrix,800,0.25,13,315.195,78478
BellmanFord,List,800,0.25,13,316.417,81479
Prim,Matrix,800,0.25,14,150.087,2638
Prim,List,800,0.25,14,12.306,2820
Kruskal,Matrix,800,0.25,14,5.265,2638
Kruskal,List,800,0.25,14,9.705,2820
Dijkstra,Matrix,800,0.25,14,258.203,6453190
Dijkstra,List,800,0.25,14,12.421,6517406
BellmanFord,Matrix,800,0.25,14,296.634,6453190
BellmanFord,List,800,0.25,14,310.05,6517406
Prim,Matrix,800,0.25,15,151.306,2488
Prim,List,800,0.25,15,11.05,2595
Kruskal,Matrix,800,0.25,15,5.555,2488
Kruskal,List,800,0.25,15,9.724,2595
Dijkstra,Matrix,800,0.25,15,258.987,203121
Dijkstra,List,800,0.25,15,9.349,219932
BellmanFord,Matrix,800,0.25,15,307.672,203121
BellmanFord,List,800,0.25,15,318.725,219932
Prim,Matrix,800,0.25,16,148.121,2751
Prim,List,800,0.25,16,13.479,2468
Kruskal,Matrix,800,0.25,16,5.616,2751
Kruskal,List,800,0.25,16,10.228,2468
Dijkstra,Matrix,800,0.25,16,256.692,6451267
Dijkstra,List,800,0.25,16,10.742,7219655
BellmanFord,Matrix,800,0.25,16,289.208,6451267
BellmanFord,List,800,0.25,16,320.468,7219655
Prim,Matrix,800,0.25,17,158.615,2551
Prim,List,800,0.25,17,13.151,2624
Kruskal,Matrix,800,0.25,17,5.893,2551
Kruskal,List,800,0.25,17,11.782,2624
Dijkstra,Matrix,800,0.25,17,256.956,5227
Dijkstra,List,800,0.25,17,9.987,5124
BellmanFord,Matrix,800,0.25,17,305.223,5227
BellmanFord,List,800,0.25,17,309.697,5124
Prim,Matrix,800,0.25,18,149.9,2258
Prim,List,800,0.25,18,12.993,2270
Kruskal,Matrix,800,0.25,18,5.505,2258
Kruskal,List,800,0.25,18,15.034,2270
Dijkstra,Matrix,800,0.25,18,274.941,1039760
Dijkstra,List,800,0.25,18,10.933,424160
BellmanFord,Matrix,800,0.25,18,312.841,1039760
BellmanFord,List,800,0.25,18,314.298,424160
Prim,Matrix,800,0.25,19,151.794,2834
Prim,List,800,0.25,19,12.111,2548
Kruskal,Matrix,800,0.25,19,5.378,2834
Kruskal,List,800,0.25,19,9.738,2548
Dijkstra,Matrix,800,0.25,19,264.079,107376
Dijkstra,List,800,0.25,19,8.927,50113
BellmanFord,Matrix,800,0.25,19,305.818,107376
BellmanFord,List,800,0.25,19,329.719,50113
Prim,Matrix,800,0.25,20,158.028,2561
Prim,List,800,0.25,20,12.518,2590
Kruskal,Matrix,800,0.25,20,5.712,2561
Kruskal,List,800,0.25,20,15.489,2590
Dijkstra,Matrix,800,0.25,20,256.853,4506151
Dijkstra,List,800,0.25,20,9.571,2221800
BellmanFord,Matrix,800,0.25,20,292.466,4506151
BellmanFord,List,800,0.25,20,306.664,2221800
Prim,Matrix,800,0.25,21,149.951,2580
Prim,List,800,0.25,21,10.213,2698
Kruskal,Matrix,800,0.25,21,5.398,2580
Kruskal,List,800,0.25,21,14.663,2698
Dijkstra,Matrix,800,0.25,21,258.297,53998
Dijkstra,List,800,0.25,21,9.902,37896
BellmanFord,Matrix,800,0.25,21,316.734,53998
BellmanFord,List,800,0.25,21,319.428,37896
Prim,Matrix,800,0.25,22,153.654,2514
Prim,List,800,0.25,22,18.212,2548
Kruskal,Matrix,800,0.25,22,5.69,2514
Kruskal,List,800,0.25,22,11.523,2548
Dijkstra,Matrix,800,0.25,22,257.777,32914
Dijkstra,List,800,0.25,22,9.437,21607
BellmanFord,Matrix,800,0.25,22,311.22,32914
BellmanFord,List,800,0.25,22,321.254,21607
Prim,Matrix,800,0.25,23,162.327,2493
Prim,List,800,0.25,23,10.709,2913
Kruskal,Matrix,800,0.25,23,6.188,2493
Kruskal,List,800,0.25,23,18.634,2913
Dijkstra,Matrix,800,0.25,23,275.739,166881
Dijkstra,List,800,0.25,23,10.421,14940
BellmanFord,Matrix,800,0.25,23,307.45,166881
BellmanFord,List,800,0.25,23,314.261,14940
Prim,Matrix,800,0.25,24,162.548,2698
Prim,List,800,0.25,24,11.454,2694
Kruskal,Matrix,800,0.25,24,5.74,2698
Kruskal,List,800,0.25,24,10.338,2694
Dijkstra,Matrix,800,0.25,24,261.694,8319
Dijkstra,List,800,0.25,24,12.27,5268
BellmanFord,Matrix,800,0.25,24,315.015,8319
BellmanFord,List,800,0.25,24,313.231,5268
Prim,Matrix,800,0.25,25,153.055,2782
Prim,List,800,0.25,25,12.183,2399
Kruskal,Matrix,800,0.25,25,5.901,2782
Kruskal,List,800,0.25,25,15.208,2399
Dijkstra,Matrix,800,0.25,25,261.715,11147
Dijkstra,List,800,0.25,25,10.819,23659
BellmanFord,Matrix,800,0.25,25,309.569,11147
BellmanFord,List,800,0.25,25,319.776,23659
Prim,Matrix,800,0.25,26,158.974,2734
Prim,List,800,0.25,26,11.673,2654
Kruskal,Matrix,800,0.25,26,5.891,2734
Kruskal,List,800,0.25,26,9.898,2654
Dijkstra,Matrix,800,0.25,26,256.724,5386
Dijkstra,List,800,0.25,26,9.024,3735
BellmanFord,Matrix,800,0.25,26,323.976,5386
BellmanFord,List,800,0.25,26,317.514,3735
Prim,Matrix,800,0.25,27,152.711,2822
Prim,List,800,0.25,27,11.336,2503
Kruskal,Matrix,800,0.25,27,5.794,2822
Kruskal,List,800,0.25,27,11.148,2503
Dijkstra,Matrix,800,0.25,27,266.084,4221
Dijkstra,List,800,0.25,27,12.209,3926
BellmanFord,Matrix,800,0.25,27,310.736,4221
BellmanFord,List,800,0.25,27,316.111,3926
Prim,Matrix,800,0.25,28,152.305,2615
Prim,List,800,0.25,28,12.758,2602
Kruskal,Matrix,800,0.25,28,5.591,2615
Kruskal,List,800,0.25,28,11.025,2602
Dijkstra,Matrix,800,0.25,28,258.764,1199111
Dijkstra,List,800,0.25,28,9.801,374230
BellmanFord,Matrix,800,0.25,28,306.773,1199111
BellmanFord,List,800,0.25,28,318.424,374230
Prim,Matrix,800,0.25,29,148.348,2257
Prim,List,800,0.25,29,11.382,2937
Kruskal,Matrix,800,0.25,29,5.746,2257
Kruskal,List,800,0.25,29,9.954,2937
Dijkstra,Matrix,800,0.25,29,262.527,3256888
Dijkstra,List,800,0.25,29,11.333,1581128
BellmanFord,Matrix,800,0.25,29,312.666,3256888
BellmanFord,List,800,0.25,29,323.957,1581128
Prim,Matrix,800,0.25,30,155.337,2616
Prim,List,800,0.25,30,14.87,2396
Kruskal,Matrix,800,0.25,30,6.069,2616
Kruskal,List,800,0.25,30,12.915,2396
Dijkstra,Matrix,800,0.25,30,271.426,2589184
Dijkstra,List,800,0.25,30,9.281,4592279
BellmanFord,Matrix,800,0.25,30,304.586,2589184
BellmanFord,List,800,0.25,30,317.693,4592279
Prim,Matrix,800,0.25,31,170.618,2613
Prim,List,800,0.25,31,12.746,2749
Kruskal,Matrix,800,0.25,31,5.724,2613
Kruskal,List,800,0.25,31,11.662,2749
Dijkstra,Matrix,800,0.25,31,261.283,115996
Dijkstra,List,800,0.25,31,11.066,43745
BellmanFord,Matrix,800,0.25,31,309.274,115996
BellmanFord,List,800,0.25,31,318.123,43745
Prim,Matrix,800,0.25,32,149.847,2658
Prim,List,800,0.25,32,12.336,2657
Kruskal,Matrix,800,0.25,32,5.497,2658
Kruskal,List,800,0.25,32,15.844,2657
Dijkstra,Matrix,800,0.25,32,256.069,3983
Dijkstra,List,800,0.25,32,9.13,4847
BellmanFord,Matrix,800,0.25,32,311.385,3983
BellmanFord,List,800,0.25,32,313.241,4847
Prim,Matrix,800,0.25,33,148.864,2757
Prim,List,800,0.25,33,10.509,2448
Kruskal,Matrix,800,0.25,33,5.648,2757
Kruskal,List,800,0.25,33,10.083,2448
Dijkstra,Matrix,800,0.25,33,259.344,721245
Dijkstra,List,800,0.25,33,11.498,2437754
BellmanFord,Matrix,800,0.25,33,312.518,721245
BellmanFord,List,800,0.25,33,314.83,2437754
Prim,Matrix,800,0.25,34,152.652,2536
Prim,List,800,0.25,34,13,2419
Kruskal,Matrix,800,0.25,34,5.604,2536
Kruskal,List,800,0.25,34,10.441,2419
Dijkstra,Matrix,800,0.25,34,257.777,336469
Dijkstra,List,800,0.25,34,11.631,453723
BellmanFord,Matrix,800,0.25,34,309.313,336469
BellmanFord,List,800,0.25,34,318.627,453723
Prim,Matrix,800,0.25,35,160.711,2630
Prim,List,800,0.25,35,13.935,2759
Kruskal,Matrix,800,0.25,35,5.646,2630
Kruskal,List,800,0.25,35,11.161,2759
Dijkstra,Matrix,800,0.25,35,260.59,5999
Dijkstra,List,800,0.25,35,10.7,4846
BellmanFord,Matrix,800,0.25,35,309.046,5999
BellmanFord,List,800,0.25,35,321.825,4846
Prim,Matrix,800,0.25,36,159.658,2504
Prim,List,800,0.25,36,11.915,2819
Kruskal,Matrix,800,0.25,36,5.752,2504
Kruskal,List,800,0.25,36,9.684,2819
Dijkstra,Matrix,800,0.25,36,262.501,4167
Dijkstra,List,800,0.25,36,10.069,4072
BellmanFord,Matrix,800,0.25,36,309.665,4167
BellmanFord,List,800,0.25,36,328.499,4072
Prim,Matrix,800,0.25,37,150.699,2794
Prim,List,800,0.25,37,11.975,2687
Kruskal,Matrix,800,0.25,37,5.896,2794
Kruskal,List,800,0.25,37,10.338,2687
Dijkstra,Matrix,800,0.25,37,258.849,1760331
Dijkstra,List,800,0.25,37,9.503,2417774
BellmanFord,Matrix,800,0.25,37,336.007,1760331
BellmanFord,List,800,0.25,37,318.442,2417774
Prim,Matrix,800,0.25,38,151.513,2890
Prim,List,800,0.25,38,10.806,2723
Kruskal,Matrix,800,0.25,38,5.743,2890
Kruskal,List,800,0.25,38,9.667,2723
Dijkstra,Matrix,800,0.25,38,259.42,6805
Dijkstra,List,800,0.25,38,11.133,4943
BellmanFord,Matrix,800,0.25,38,318.486,6805
BellmanFord,List,800,0.25,38,322.806,4943
Prim,Matrix,800,0.25,39,162.605,2460
Prim,List,800,0.25,39,14.604,2680
Kruskal,Matrix,800,0.25,39,5.603,2460
Kruskal,List,800,0.25,39,14.966,2680
Dijkstra,Matrix,800,0.25,39,261.66,6616915
Dijkstra,List,800,0.25,39,9.962,5995745
BellmanFord,Matrix,800,0.25,39,298.263,6616915
BellmanFord,List,800,0.25,39,303.248,5995745
Prim,Matrix,800,0.25,40,151.053,2655
Prim,List,800,0.25,40,12.534,2535
Kruskal,Matrix,800,0.25,40,5.608,2655
Kruskal,List,800,0.25,40,10.961,2535
Dijkstra,Matrix,800,0.25,40,256.243,15095
Dijkstra,List,800,0.25,40,13.019,25179
BellmanFord,Matrix,800,0.25,40,315.944,15095
BellmanFord,List,800,0.25,40,327.488,25179
Prim,Matrix,800,0.25,41,155.3,2465
Prim,List,800,0.25,41,11.841,2599
Kruskal,Matrix,800,0.25,41,6.017,2465
Kruskal,List,800,0.25,41,14.659,2599
Dijkstra,Matrix,800,0.25,41,261.348,911291
Dijkstra,List,800,0.25,41,12.966,26505
BellmanFord,Matrix,800,0.25,41,314.586,911291
BellmanFord,List,800,0.25,41,335.922,26505
Prim,Matrix,800,0.25,42,191.543,2914
Prim,List,800,0.25,42,10.586,2625
Kruskal,Matrix,800,0.25,42,6.17,2914
Kruskal,List,800,0.25,42,15.829,2625
Dijkstra,Matrix,800,0.25,42,265.322,346220
Dijkstra,List,800,0.25,42,10.766,45775
BellmanFord,Matrix,800,0.25,42,316.873,346220
BellmanFord,List,800,0.25,42,326.083,45775
Prim,Matrix,800,0.25,43,151.809,2902
Prim,List,800,0.25,43,10.551,2466
Kruskal,Matrix,800,0.25,43,5.898,2902
Kruskal,List,800,0.25,43,9.859,2466
Dijkstra,Matrix,800,0.25,43,261.344,284868
Dijkstra,List,800,0.25,43,12.119,120765
BellmanFord,Matrix,800,0.25,43,320.216,284868
BellmanFord,List,800,0.25,43,325.324,120765
Prim,Matrix,800,0.25,44,155.091,2897
Prim,List,800,0.25,44,11.535,2578
Kruskal,Matrix,800,0.25,44,5.847,2897
Kruskal,List,800,0.25,44,10.802,2578
Dijkstra,Matrix,800,0.25,44,258.91,18553
Dijkstra,List,800,0.25,44,10.081,6785
BellmanFord,Matrix,800,0.25,44,314.992,18553
BellmanFord,List,800,0.25,44,318.53,6785
Prim,Matrix,800,0.25,45,155.494,3085
Prim,List,800,0.25,45,11.623,2742
Kruskal,Matrix,800,0.25,45,5.642,3085
Kruskal,List,800,0.25,45,9.355,2742
Dijkstra,Matrix,800,0.25,45,260.755,3782
Dijkstra,List,800,0.25,45,9.682,3583
BellmanFord,Matrix,800,0.25,45,315.454,3782
BellmanFord,List,800,0.25,45,314.331,3583
Prim,Matrix,800,0.25,46,152.614,2615
Prim,List,800,0.25,46,11.416,2467
Kruskal,Matrix,800,0.25,46,6.332,2615
Kruskal,List,800,0.25,46,15.648,2467
Dijkstra,Matrix,800,0.25,46,257.944,101224
Dijkstra,List,800,0.25,46,9.689,1379555
BellmanFord,Matrix,800,0.25,46,324.912,101224
BellmanFord,List,800,0.25,46,315.531,1379555
Prim,Matrix,800,0.25,47,154.214,2468
Prim,List,800,0.25,47,14.278,2482
Kruskal,Matrix,800,0.25,47,5.846,2468
Kruskal,List,800,0.25,47,10.709,2482
Dijkstra,Matrix,800,0.25,47,256.529,3988
Dijkstra,List,800,0.25,47,12.7,4168
BellmanFord,Matrix,800,0.25,47,324.055,3988
BellmanFord,List,800,0.25,47,317.455,4168
Prim,Matrix,800,0.25,48,149.723,2913
Prim,List,800,0.25,48,10.867,2681
Kruskal,Matrix,800,0.25,48,6.143,2913
Kruskal,List,800,0.25,48,10.742,2681
Dijkstra,Matrix,800,0.25,48,265.897,5617136
Dijkstra,List,800,0.25,48,10.202,5686060
BellmanFord,Matrix,800,0.25,48,296.089,5617136
BellmanFord,List,800,0.25,48,303.945,5686060
Prim,Matrix,800,0.25,49,163.512,2536
Prim,List,800,0.25,49,12.626,2807
Kruskal,Matrix,800,0.25,49,5.979,2536
Kruskal,List,800,0.25,49,13.041,2807
Dijkstra,Matrix,800,0.25,49,258.612,3838
Dijkstra,List,800,0.25,49,8.923,4099
BellmanFord,Matrix,800,0.25,49,314.255,3838
BellmanFord,List,800,0.25,49,318.411,4099
Prim,Matrix,800,0.5,0,311.743,1459
Prim,List,800,0.5,0,26.491,1338
Kruskal,Matrix,800,0.5,0,12.077,1459
Kruskal,List,800,0.5,0,24.898,1338
Dijkstra,Matrix,800,0.5,0,525.926,3256
Dijkstra,List,800,0.5,0,26.454,3687
BellmanFord,Matrix,800,0.5,0,639.816,3256
BellmanFord,List,800,0.5,0,639.948,3687
Prim,Matrix,800,0.5,1,328.014,1447
Prim,List,800,0.5,1,29.254,1248
Kruskal,Matrix,800,0.5,1,12.013,1447
Kruskal,List,800,0.5,1,27.041,1248
Dijkstra,Matrix,800,0.5,1,537.441,3601
Dijkstra,List,800,0.5,1,23.996,3031
BellmanFord,Matrix,800,0.5,1,655.194,3601
BellmanFord,List,800,0.5,1,645.896,3031
Prim,Matrix,800,0.5,2,315.691,1332
Prim,List,800,0.5,2,31.7,1218
Kruskal,Matrix,800,0.5,2,12.001,1332
Kruskal,List,800,0.5,2,37.721,1218
Dijkstra,Matrix,800,0.5,2,523.038,4451
Dijkstra,List,800,0.5,2,23.251,4800
BellmanFord,Matrix,800,0.5,2,638.191,4451
BellmanFord,List,800,0.5,2,637.265,4800
Prim,Matrix,800,0.5,3,315.982,1256
Prim,List,800,0.5,3,29.355,1201
Kruskal,Matrix,800,0.5,3,12.665,1256
Kruskal,List,800,0.5,3,26.536,1201
Dijkstra,Matrix,800,0.5,3,527.564,3694
Dijkstra,List,800,0.5,3,22.461,3035
BellmanFord,Matrix,800,0.5,3,644.9,3694
BellmanFord,List,800,0.5,3,641.053,3035
Prim,Matrix,800,0.5,4,329.867,1261
Prim,List,800,0.5,4,29.494,1413
Kruskal,Matrix,800,0.5,4,12.193,1261
Kruskal,List,800,0.5,4,25.205,1413
Dijkstra,Matrix,800,0.5,4,527.443,3607
Dijkstra,List,800,0.5,4,24.85,3246
BellmanFord,Matrix,800,0.5,4,641.997,3607
BellmanFord,List,800,0.5,4,653.209,3246
Prim,Matrix,800,0.5,5,336.321,1540
Prim,List,800,0.5,5,31.168,1266
Kruskal,Matrix,800,0.5,5,12.637,1540
Kruskal,List,800,0.5,5,25.137,1266
Dijkstra,Matrix,800,0.5,5,543.088,3345
Dijkstra,List,800,0.5,5,22.724,3560
BellmanFord,Matrix,800,0.5,5,630.214,3345
BellmanFord,List,800,0.5,5,679.303,3560
Prim,Matrix,800,0.5,6,370.869,1183
Prim,List,800,0.5,6,28.201,1276
Kruskal,Matrix,800,0.5,6,12.207,1183
Kruskal,List,800,0.5,6,31.728,1276
Dijkstra,Matrix,800,0.5,6,555.41,3514
Dijkstra,List,800,0.5,6,24.28,3488
BellmanFord,Matrix,800,0.5,6,644.127,3514
BellmanFord,List,800,0.5,6,658.107,3488
Prim,Matrix,800,0.5,7,378.525,1201
Prim,List,800,0.5,7,35.554,1292
Kruskal,Matrix,800,0.5,7,12.233,1201
Kruskal,List,800,0.5,7,40.022,1292
Dijkstra,Matrix,800,0.5,7,534.024,81488
Dijkstra,List,800,0.5,7,27.195,441595
BellmanFord,Matrix,800,0.5,7,653.147,81488
BellmanFord,List,800,0.5,7,705.184,441595
Prim,Matrix,800,0.5,8,337.123,1274
Prim,List,800,0.5,8,33.208,1314
Kruskal,Matrix,800,0.5,8,12.24,1274
Kruskal,List,800,0.5,8,28.337,1314
Dijkstra,Matrix,800,0.5,8,536.988,3205
Dijkstra,List,800,0.5,8,25.804,3399
BellmanFord,Matrix,800,0.5,8,656.905,3205
BellmanFord,List,800,0.5,8,654.889,3399
Prim,Matrix,800,0.5,9,332.89,1304
Prim,List,800,0.5,9,31.858,1273
Kruskal,Matrix,800,0.5,9,11.866,1304
Kruskal,List,800,0.5,9,26.887,1273
Dijkstra,Matrix,800,0.5,9,549.892,3216
Dijkstra,List,800,0.5,9,27.244,3215
BellmanFord,Matrix,800,0.5,9,646.987,3216
BellmanFord,List,800,0.5,9,695.602,3215
Prim,Matrix,800,0.5,10,323.862,1276
Prim,List,800,0.5,10,29.476,1412
Kruskal,Matrix,800,0.5,10,12.672,1276
Kruskal,List,800,0.5,10,27.253,1412
Dijkstra,Matrix,800,0.5,10,539.024,27193
Dijkstra,List,800,0.5,10,25.472,5825
BellmanFord,Matrix,800,0.5,10,638.751,27193
BellmanFord,List,800,0.5,10,652.847,5825
Prim,Matrix,800,0.5,11,336.645,1332
Prim,List,800,0.5,11,27.298,1387
Kruskal,Matrix,800,0.5,11,12.188,1332
Kruskal,List,800,0.5,11,25.856,1387
Dijkstra,Matrix,800,0.5,11,542.648,3214
Dijkstra,List,800,0.5,11,32.43,3105
BellmanFord,Matrix,800,0.5,11,652.83,3214
BellmanFord,List,800,0.5,11,687.666,3105
Prim,Matrix,800,0.5,12,328.822,1435
Prim,List,800,0.5,12,35.205,1322
Kruskal,Matrix,800,0.5,12,12.713,1435
Kruskal,List,800,0.5,12,38.936,1322
Dijkstra,Matrix,800,0.5,12,543.926,16180
Dijkstra,List,800,0.5,12,29.835,9302
BellmanFord,Matrix,800,0.5,12,639.555,16180
BellmanFord,List,800,0.5,12,674.385,9302
Prim,Matrix,800,0.5,13,325.187,1362
Prim,List,800,0.5,13,31.045,1300
Kruskal,Matrix,800,0.5,13,12.265,1362
Kruskal,List,800,0.5,13,30.169,1300
Dijkstra,Matrix,800,0.5,13,540.336,208546
Dijkstra,List,800,0.5,13,29.36,164573
BellmanFord,Matrix,800,0.5,13,645.478,208546
BellmanFord,List,800,0.5,13,676.236,164573
Prim,Matrix,800,0.5,14,335.974,1366
Prim,List,800,0.5,14,32.288,1350
Kruskal,Matrix,800,0.5,14,12.575,1366
Kruskal,List,800,0.5,14,30.162,1350
Dijkstra,Matrix,800,0.5,14,568.701,3041
Dijkstra,List,800,0.5,14,27.269,3245
BellmanFord,Matrix,800,0.5,14,657.857,3041
BellmanFord,List,800,0.5,14,678.779,3245
Prim,Matrix,800,0.5,15,566.097,1355
Prim,List,800,0.5,15,22.797,1200
Kruskal,Matrix,800,0.5,15,19.373,1355
Kruskal,List,800,0.5,15,31.334,1200
Dijkstra,Matrix,800,0.5,15,985.517,3072
Dijkstra,List,800,0.5,15,29.36,3931
BellmanFord,Matrix,800,0.5,15,1135.35,3072
BellmanFord,List,800,0.5,15,1043.47,3931
Prim,Matrix,800,0.5,16,551.752,1377
Prim,List,800,0.5,16,27.007,1280
Kruskal,Matrix,800,0.5,16,20.087,1377
Kruskal,List,800,0.5,16,35.926,1280
Dijkstra,Matrix,800,0.5,16,970.183,3023
Dijkstra,List,800,0.5,16,19.77,3422
BellmanFord,Matrix,800,0.5,16,1032.43,3023
BellmanFord,List,800,0.5,16,1040.65,3422
Prim,Matrix,800,0.5,17,546.531,1360
Prim,List,800,0.5,17,23.898,1386
Kruskal,Matrix,800,0.5,17,18.414,1360
Kruskal,List,800,0.5,17,33.332,1386
Dijkstra,Matrix,800,0.5,17,971.196,30061
Dijkstra,List,800,0.5,17,19.373,36539
BellmanFord,Matrix,800,0.5,17,1039.2,30061
BellmanFord,List,800,0.5,17,1044.34,36539
Prim,Matrix,800,0.5,18,549.064,1282
Prim,List,800,0.5,18,20.248,1281
Kruskal,Matrix,800,0.5,18,19.836,1282
Kruskal,List,800,0.5,18,32.34,1281
Dijkstra,Matrix,800,0.5,18,971.023,3384
Dijkstra,List,800,0.5,18,21.936,3208
BellmanFord,Matrix,800,0.5,18,1037.25,3384
BellmanFord,List,800,0.5,18,1045.84,3208
Prim,Matrix,800,0.5,19,560.769,1432
Prim,List,800,0.5,19,21.538,1379
Kruskal,Matrix,800,0.5,19,19.641,1432
Kruskal,List,800,0.5,19,31.662,1379
Dijkstra,Matrix,800,0.5,19,970.16,3887
Dijkstra,List,800,0.5,19,23.173,3810
BellmanFord,Matrix,800,0.5,19,1028.02,3887
BellmanFord,List,800,0.5,19,1038.14,3810
Prim,Matrix,800,0.5,20,563.987,1383
Prim,List,800,0.5,20,21.815,1447
Kruskal,Matrix,800,0.5,20,18.986,1383
Kruskal,List,800,0.5,20,31.586,1447
Dijkstra,Matrix,800,0.5,20,973.725,56436
Dijkstra,List,800,0.5,20,19.491,5379
BellmanFord,Matrix,800,0.5,20,1029.7,56436
BellmanFord,List,800,0.5,20,1052.09,5379
Prim,Matrix,800,0.5,21,548.749,1234
Prim,List,800,0.5,21,25.97,1318
Kruskal,Matrix,800,0.5,21,19.848,1234
Kruskal,List,800,0.5,21,32.291,1318
Dijkstra,Matrix,800,0.5,21,977.725,3142
Dijkstra,List,800,0.5,21,18.839,3293
BellmanFord,Matrix,800,0.5,21,1043.23,3142
BellmanFord,List,800,0.5,21,1041,3293
Prim,Matrix,800,0.5,22,555.791,1456
Prim,List,800,0.5,22,19.643,1358
Kruskal,Matrix,800,0.5,22,18.627,1456
Kruskal,List,800,0.5,22,30.873,1358
Dijkstra,Matrix,800,0.5,22,966.929,3358
Dijkstra,List,800,0.5,22,17.555,3281
BellmanFord,Matrix,800,0.5,22,1028.79,3358
BellmanFord,List,800,0.5,22,1044.09,3281
Prim,Matrix,800,0.5,23,543.612,1381
Prim,List,800,0.5,23,20.401,1352
Kruskal,Matrix,800,0.5,23,19.012,1381
Kruskal,List,800,0.5,23,36.266,1352
Dijkstra,Matrix,800,0.5,23,978.7,217302
Dijkstra,List,800,0.5,23,18.554,391150
BellmanFord,Matrix,800,0.5,23,1036.36,217302
BellmanFord,List,800,0.5,23,1041.74,391150
Prim,Matrix,800,0.5,24,551.461,1188
Prim,List,800,0.5,24,19.79,1344
Kruskal,Matrix,800,0.5,24,18.888,1188
Kruskal,List,800,0.5,24,33.584,1344
Dijkstra,Matrix,800,0.5,24,967.631,113952
Dijkstra,List,800,0.5,24,20.178,156891
BellmanFord,Matrix,800,0.5,24,1034.33,113952
BellmanFord,List,800,0.5,24,1037.18,156891
Prim,Matrix,800,0.5,25,548.09,1371
Prim,List,800,0.5,25,35.603,1246
Kruskal,Matrix,800,0.5,25,19.171,1371
Kruskal,List,800,0.5,25,39.833,1246
Dijkstra,Matrix,800,0.5,25,975.039,16051
Dijkstra,List,800,0.5,25,23.723,81820
BellmanFord,Matrix,800,0.5,25,1038.68,16051
BellmanFord,List,800,0.5,25,1044.65,81820
Prim,Matrix,800,0.5,26,560.623,1382
Prim,List,800,0.5,26,20.016,1262
Kruskal,Matrix,800,0.5,26,19.948,1382
Kruskal,List,800,0.5,26,32.108,1262
Dijkstra,Matrix,800,0.5,26,982.263,3088
Dijkstra,List,800,0.5,26,27.335,2976
BellmanFord,Matrix,800,0.5,26,1079.65,3088
BellmanFord,List,800,0.5,26,1038.8,2976
Prim,Matrix,800,0.5,27,572.607,1225
Prim,List,800,0.5,27,24.859,1392
Kruskal,Matrix,800,0.5,27,19.109,1225
Kruskal,List,800,0.5,27,30.247,1392
Dijkstra,Matrix,800,0.5,27,987.526,3450
Dijkstra,List,800,0.5,27,22.841,3232
BellmanFord,Matrix,800,0.5,27,1030.36,3450
BellmanFord,List,800,0.5,27,1042.27,3232
Prim,Matrix,800,0.5,28,547.226,1288
Prim,List,800,0.5,28,20.522,1305
Kruskal,Matrix,800,0.5,28,19.887,1288
Kruskal,List,800,0.5,28,33.393,1305
Dijkstra,Matrix,800,0.5,28,1014.39,1588613
Dijkstra,List,800,0.5,28,23.654,335476
BellmanFord,Matrix,800,0.5,28,1035.75,1588613
BellmanFord,List,800,0.5,28,1048.66,335476
Prim,Matrix,800,0.5,29,561.804,1313
Prim,List,800,0.5,29,23.811,1389
Kruskal,Matrix,800,0.5,29,19.244,1313
Kruskal,List,800,0.5,29,33.424,1389
Dijkstra,Matrix,800,0.5,29,974.418,2981
Dijkstra,List,800,0.5,29,17.828,3213
BellmanFord,Matrix,800,0.5,29,1033.49,2981
BellmanFord,List,800,0.5,29,1039.32,3213
Prim,Matrix,800,0.5,30,567.861,1311
Prim,List,800,0.5,30,21.033,1246
Kruskal,Matrix,800,0.5,30,18.512,1311
Kruskal,List,800,0.5,30,31.934,1246
Dijkstra,Matrix,800,0.5,30,972.963,4029
Dijkstra,List,800,0.5,30,20.395,3616
BellmanFord,Matrix,800,0.5,30,1041.22,4029
BellmanFord,List,800,0.5,30,1040.65,3616
Prim,Matrix,800,0.5,31,550.877,1318
Prim,List,800,0.5,31,20.106,1363
Kruskal,Matrix,800,0.5,31,19.377,1318
Kruskal,List,800,0.5,31,32.565,1363
Dijkstra,Matrix,800,0.5,31,969.332,3106
Dijkstra,List,800,0.5,31,21.025,2911
BellmanFord,Matrix,800,0.5,31,1047.62,3106
BellmanFord,List,800,0.5,31,1039.14,2911
Prim,Matrix,800,0.5,32,554.808,1196
Prim,List,800,0.5,32,19.575,1376
Kruskal,Matrix,800,0.5,32,18.096,1196
Kruskal,List,800,0.5,32,30.939,1376
Dijkstra,Matrix,800,0.5,32,993.893,3288
Dijkstra,List,800,0.5,32,18.017,3407
BellmanFord,Matrix,800,0.5,32,1028.65,3288
BellmanFord,List,800,0.5,32,1046.46,3407
Prim,Matrix,800,0.5,33,540.601,1288
Prim,List,800,0.5,33,19.615,1388
Kruskal,Matrix,800,0.5,33,18.781,1288
Kruskal,List,800,0.5,33,32.349,1388
Dijkstra,Matrix,800,0.5,33,966.688,3933
Dijkstra,List,800,0.5,33,21.187,4498
BellmanFord,Matrix,800,0.5,33,1036.12,3933
BellmanFord,List,800,0.5,33,1039.83,4498
Prim,Matrix,800,0.5,34,555.616,1378
Prim,List,800,0.5,34,19.487,1255
Kruskal,Matrix,800,0.5,34,19.788,1378
Kruskal,List,800,0.5,34,33.492,1255
Dijkstra,Matrix,800,0.5,34,965.68,3256
Dijkstra,List,800,0.5,34,18.02,3637
BellmanFord,Matrix,800,0.5,34,1031.37,3256
BellmanFord,List,800,0.5,34,1055.09,3637
Prim,Matrix,800,0.5,35,546.248,1261
Prim,List,800,0.5,35,19.34,1443
Kruskal,Matrix,800,0.5,35,19.233,1261
Kruskal,List,800,0.5,35,30.86,1443
Dijkstra,Matrix,800,0.5,35,970.242,2939
Dijkstra,List,800,0.5,35,19.285,3050
BellmanFord,Matrix,800,0.5,35,1029.09,2939
BellmanFord,List,800,0.5,35,1037.21,3050
Prim,Matrix,800,0.5,36,572.787,1363
Prim,List,800,0.5,36,19.732,1385
Kruskal,Matrix,800,0.5,36,18.849,1363
Kruskal,List,800,0.5,36,34.198,1385
Dijkstra,Matrix,800,0.5,36,986.268,224645
Dijkstra,List,800,0.5,36,18.575,121845
BellmanFord,Matrix,800,0.5,36,1039.05,224645
BellmanFord,List,800,0.5,36,1041.48,121845
Prim,Matrix,800,0.5,37,542.114,1380
Prim,List,800,0.5,37,23.627,1212
Kruskal,Matrix,800,0.5,37,19.135,1380
Kruskal,List,800,0.5,37,33.935,1212
Dijkstra,Matrix,800,0.5,37,972.685,3795
Dijkstra,List,800,0.5,37,18.969,2793
BellmanFord,Matrix,800,0.5,37,1030.81,3795
BellmanFord,List,800,0.5,37,1040.29,2793
Prim,Matrix,800,0.5,38,555.755,1303
Prim,List,800,0.5,38,22.773,1329
Kruskal,Matrix,800,0.5,38,19.407,1303
Kruskal,List,800,0.5,38,31.132,1329
Dijkstra,Matrix,800,0.5,38,967.85,3140
Dijkstra,List,800,0.5,38,17.973,3331
BellmanFord,Matrix,800,0.5,38,1030.28,3140
BellmanFord,List,800,0.5,38,1049.13,3331
Prim,Matrix,800,0.5,39,555.071,1359
Prim,List,800,0.5,39,19.194,1449
Kruskal,Matrix,800,0.5,39,19.071,1359
Kruskal,List,800,0.5,39,30.56,1449
Dijkstra,Matrix,800,0.5,39,982.741,35146
Dijkstra,List,800,0.5,39,18.67,4216
BellmanFord,Matrix,800,0.5,39,1039.94,35146
BellmanFord,List,800,0.5,39,1038.97,4216
Prim,Matrix,800,0.5,40,558.539,1229
Prim,List,800,0.5,40,19.591,1341
Kruskal,Matrix,800,0.5,40,19.878,1229
Kruskal,List,800,0.5,40,34.314,1341
Dijkstra,Matrix,800,0.5,40,966.602,3202
Dijkstra,List,800,0.5,40,19.261,3495
BellmanFord,Matrix,800,0.5,40,1032.15,3202
BellmanFord,List,800,0.5,40,1037.85,3495
Prim,Matrix,800,0.5,41,574.041,1337
Prim,List,800,0.5,41,27.884,1183
Kruskal,Matrix,800,0.5,41,20.081,1337
Kruskal,List,800,0.5,41,36.887,1183
Dijkstra,Matrix,800,0.5,41,974.493,3304
Dijkstra,List,800,0.5,41,18.748,3234
BellmanFord,Matrix,800,0.5,41,1030.62,3304
BellmanFord,List,800,0.5,41,1037.71,3234
Prim,Matrix,800,0.5,42,552.785,1310
Prim,List,800,0.5,42,21.311,1478
Kruskal,Matrix,800,0.5,42,19.896,1310
Kruskal,List,800,0.5,42,30.954,1478
Dijkstra,Matrix,800,0.5,42,976.151,3028
Dijkstra,List,800,0.5,42,17.232,2901
BellmanFord,Matrix,800,0.5,42,1027.85,3028
BellmanFord,List,800,0.5,42,1039.72,2901
Prim,Matrix,800,0.5,43,552.214,1306
Prim,List,800,0.5,43,19.865,1266
Kruskal,Matrix,800,0.5,43,18.914,1306
Kruskal,List,800,0.5,43,30.613,1266
Dijkstra,Matrix,800,0.5,43,991.282,3173
Dijkstra,List,800,0.5,43,19.068,3304
BellmanFord,Matrix,800,0.5,43,1030.12,3173
BellmanFord,List,800,0.5,43,1036.55,3304
Prim,Matrix,800,0.5,44,564.273,1289
Prim,List,800,0.5,44,19.5,1302
Kruskal,Matrix,800,0.5,44,18.326,1289
Kruskal,List,800,0.5,44,31.494,1302
Dijkstra,Matrix,800,0.5,44,1005.87,10033
Dijkstra,List,800,0.5,44,20.973,5482
BellmanFord,Matrix,800,0.5,44,1063.97,10033
BellmanFord,List,800,0.5,44,1053.36,5482
Prim,Matrix,800,0.5,45,564.625,1456
Prim,List,800,0.5,45,22.657,1478
Kruskal,Matrix,800,0.5,45,19.029,1456
Kruskal,List,800,0.5,45,39.919,1478
Dijkstra,Matrix,800,0.5,45,971.589,3167
Dijkstra,List,800,0.5,45,22.95,3384
BellmanFord,Matrix,800,0.5,45,1030.24,3167
BellmanFord,List,800,0.5,45,1044.78,3384
Prim,Matrix,800,0.5,46,546.403,1396
Prim,List,800,0.5,46,20.476,1423
Kruskal,Matrix,800,0.5,46,19.412,1396
Kruskal,List,800,0.5,46,31.93,1423
Dijkstra,Matrix,800,0.5,46,987.759,245354
Dijkstra,List,800,0.5,46,17.982,320837
BellmanFord,Matrix,800,0.5,46,1036.79,245354
BellmanFord,List,800,0.5,46,1036.14,320837
Prim,Matrix,800,0.5,47,543.733,1326
Prim,List,800,0.5,47,21.646,1282
Kruskal,Matrix,800,0.5,47,19.9,1326
Kruskal,List,800,0.5,47,37.021,1282
Dijkstra,Matrix,800,0.5,47,982.612,3135
Dijkstra,List,800,0.5,47,18.864,2741
BellmanFord,Matrix,800,0.5,47,1038.7,3135
BellmanFord,List,800,0.5,47,1038.54,2741
Prim,Matrix,800,0.5,48,560.414,1250
Prim,List,800,0.5,48,20.582,1228
Kruskal,Matrix,800,0.5,48,19.453,1250
Kruskal,List,800,0.5,48,33.477,1228
Dijkstra,Matrix,800,0.5,48,976.526,89950
Dijkstra,List,800,0.5,48,18.534,50102
BellmanFord,Matrix,800,0.5,48,1037.4,89950
BellmanFord,List,800,0.5,48,1039.84,50102
Prim,Matrix,800,0.5,49,563.618,1322
Prim,List,800,0.5,49,19.669,1454
Kruskal,Matrix,800,0.5,49,18.363,1322
Kruskal,List,800,0.5,49,31.732,1454
Dijkstra,Matrix,800,0.5,49,987.877,3246
Dijkstra,List,800,0.5,49,18.671,2902
BellmanFord,Matrix,800,0.5,49,1030.78,3246
BellmanFord,List,800,0.5,49,1039.34,2902
Prim,Matrix,800,0.99,0,1120.56,800
Prim,List,800,0.99,0,62.578,799
Kruskal,Matrix,800,0.99,0,39.97,800
Kruskal,List,800,0.99,0,80.297,799
Dijkstra,Matrix,800,0.99,0,1938.26,2677
Dijkstra,List,800,0.99,0,54.937,2511
BellmanFord,Matrix,800,0.99,0,2096.17,2677
BellmanFord,List,800,0.99,0,2092.86,2511
Prim,Matrix,800,0.99,1,1115.34,799
Prim,List,800,0.99,1,63.831,799
Kruskal,Matrix,800,0.99,1,41.465,799
Kruskal,List,800,0.99,1,78.828,799
Dijkstra,Matrix,800,0.99,1,1933.64,2456
Dijkstra,List,800,0.99,1,58.866,2661
BellmanFord,Matrix,800,0.99,1,2083.47,2456
BellmanFord,List,800,0.99,1,2081.51,2661
Prim,Matrix,800,0.99,2,1090.89,799
Prim,List,800,0.99,2,64.997,799
Kruskal,Matrix,800,0.99,2,39.736,799
Kruskal,List,800,0.99,2,81.598,799
Dijkstra,Matrix,800,0.99,2,1952.25,2670
Dijkstra,List,800,0.99,2,53.16,2766
BellmanFord,Matrix,800,0.99,2,2071,2670
BellmanFord,List,800,0.99,2,2091.17,2766
Prim,Matrix,800,0.99,3,1091.3,802
Prim,List,800,0.99,3,64.994,799
Kruskal,Matrix,800,0.99,3,40.589,802
Kruskal,List,800,0.99,3,78.583,799
Dijkstra,Matrix,800,0.99,3,1980.37,2707
Dijkstra,List,800,0.99,3,53.125,2689
BellmanFord,Matrix,800,0.99,3,2068.08,2707
BellmanFord,List,800,0.99,3,2093.02,2689
Prim,Matrix,800,0.99,4,1092.78,799
Prim,List,800,0.99,4,59.195,799
Kruskal,Matrix,800,0.99,4,39.46,799
Kruskal,List,800,0.99,4,78.66,799
Dijkstra,Matrix,800,0.99,4,1940.19,2686
Dijkstra,List,800,0.99,4,55.43,2606
BellmanFord,Matrix,800,0.99,4,2076.2,2686
BellmanFord,List,800,0.99,4,2094.85,2606
Prim,Matrix,800,0.99,5,1137.66,799
Prim,List,800,0.99,5,61.028,799
Kruskal,Matrix,800,0.99,5,39.81,799
Kruskal,List,800,0.99,5,80.891,799
Dijkstra,Matrix,800,0.99,5,1977.16,2786
Dijkstra,List,800,0.99,5,63.546,2536
BellmanFord,Matrix,800,0.99,5,2072.55,2786
BellmanFord,List,800,0.99,5,2087.08,2536
Prim,Matrix,800,0.99,6,1096.12,800
Prim,List,800,0.99,6,61.097,799
Kruskal,Matrix,800,0.99,6,40.644,800
Kruskal,List,800,0.99,6,85.43,799
Dijkstra,Matrix,800,0.99,6,1941.13,2747
Dijkstra,List,800,0.99,6,51.954,2712
BellmanFord,Matrix,800,0.99,6,2075.32,2747
BellmanFord,List,800,0.99,6,2085.82,2712
Prim,Matrix,800,0.99,7,1098,799
Prim,List,800,0.99,7,67.934,799
Kruskal,Matrix,800,0.99,7,40.062,799
Kruskal,List,800,0.99,7,85.412,799
Dijkstra,Matrix,800,0.99,7,1936.94,2610
Dijkstra,List,800,0.99,7,56.878,2776
BellmanFord,Matrix,800,0.99,7,2062.57,2610
BellmanFord,List,800,0.99,7,2103.45,2776
Prim,Matrix,800,0.99,8,1111.45,799
Prim,List,800,0.99,8,63.553,800
Kruskal,Matrix,800,0.99,8,38.796,799
Kruskal,List,800,0.99,8,84.532,800
Dijkstra,Matrix,800,0.99,8,1967.79,2822
Dijkstra,List,800,0.99,8,54.424,2441
BellmanFord,Matrix,800,0.99,8,2061.94,2822
BellmanFord,List,800,0.99,8,2086.4,2441
Prim,Matrix,800,0.99,9,1092.18,799
Prim,List,800,0.99,9,62.903,799
Kruskal,Matrix,800,0.99,9,40.12,799
Kruskal,List,800,0.99,9,78.074,799
Dijkstra,Matrix,800,0.99,9,1920.45,2808
Dijkstra,List,800,0.99,9,52.166,2755
BellmanFord,Matrix,800,0.99,9,2077.01,2808
BellmanFord,List,800,0.99,9,2092.36,2755
Prim,Matrix,800,0.99,10,1099.39,799
Prim,List,800,0.99,10,60.028,800
Kruskal,Matrix,800,0.99,10,41.275,799
Kruskal,List,800,0.99,10,77.961,800
Dijkstra,Matrix,800,0.99,10,1917.04,2463
Dijkstra,List,800,0.99,10,53.464,2717
BellmanFord,Matrix,800,0.99,10,2060.85,2463
BellmanFord,List,800,0.99,10,2093.56,2717
Prim,Matrix,800,0.99,11,1106.72,799
Prim,List,800,0.99,11,64.871,799
Kruskal,Matrix,800,0.99,11,39.649,799
Kruskal,List,800,0.99,11,73.541,799
Dijkstra,Matrix,800,0.99,11,1966,2560
Dijkstra,List,800,0.99,11,54.989,2618
BellmanFord,Matrix,800,0.99,11,2064.13,2560
BellmanFord,List,800,0.99,11,2123.99,2618
Prim,Matrix,800,0.99,12,1138.15,799
Prim,List,800,0.99,12,64.056,801
Kruskal,Matrix,800,0.99,12,40.338,799
Kruskal,List,800,0.99,12,77.891,801
Dijkstra,Matrix,800,0.99,12,1954.94,2678
Dijkstra,List,800,0.99,12,54.604,2716
BellmanFord,Matrix,800,0.99,12,2070.14,2678
BellmanFord,List,800,0.99,12,2083.14,2716
Prim,Matrix,800,0.99,13,1100.78,799
Prim,List,800,0.99,13,66.244,799
Kruskal,Matrix,800,0.99,13,40.224,799
Kruskal,List,800,0.99,13,81.869,799
Dijkstra,Matrix,800,0.99,13,1920.57,2839
Dijkstra,List,800,0.99,13,51.546,2849
BellmanFord,Matrix,800,0.99,13,2079.53,2839
BellmanFord,List,800,0.99,13,2090.37,2849
Prim,Matrix,800,0.99,14,1152.12,799
Prim,List,800,0.99,14,77.922,799
Kruskal,Matrix,800,0.99,14,40.781,799
Kruskal,List,800,0.99,14,88.172,799
Dijkstra,Matrix,800,0.99,14,1932.04,2826
Dijkstra,List,800,0.99,14,53.739,2683
BellmanFord,Matrix,800,0.99,14,2099.17,2826
BellmanFord,List,800,0.99,14,2093.21,2683
Prim,Matrix,800,0.99,15,1094.16,801
Prim,List,800,0.99,15,60.266,799
Kruskal,Matrix,800,0.99,15,38.959,801
Kruskal,List,800,0.99,15,77.083,799
Dijkstra,Matrix,800,0.99,15,1949.15,2535
Dijkstra,List,800,0.99,15,54.468,2775
BellmanFord,Matrix,800,0.99,15,2070.86,2535
BellmanFord,List,800,0.99,15,2106.39,2775
Prim,Matrix,800,0.99,16,1113.2,800
Prim,List,800,0.99,16,57.77,799
Kruskal,Matrix,800,0.99,16,40.247,800
Kruskal,List,800,0.99,16,79.082,799
Dijkstra,Matrix,800,0.99,16,1941.31,2538
Dijkstra,List,800,0.99,16,58.18,2781
BellmanFord,Matrix,800,0.99,16,2063.17,2538
BellmanFord,List,800,0.99,16,2083.12,2781
Prim,Matrix,800,0.99,17,1114.76,800
Prim,List,800,0.99,17,59.777,800
Kruskal,Matrix,800,0.99,17,41.171,800
Kruskal,List,800,0.99,17,75.69,800
Dijkstra,Matrix,800,0.99,17,2014.4,2801
Dijkstra,List,800,0.99,17,54.193,2476
BellmanFord,Matrix,800,0.99,17,2181.3,2801
BellmanFord,List,800,0.99,17,2084.86,2476
Prim,Matrix,800,0.99,18,1096.92,799
Prim,List,800,0.99,18,61.303,799
Kruskal,Matrix,800,0.99,18,40.142,799
Kruskal,List,800,0.99,18,75.631,799
Dijkstra,Matrix,800,0.99,18,1933.83,2664
Dijkstra,List,800,0.99,18,51.753,2905
BellmanFord,Matrix,800,0.99,18,2063.21,2664
BellmanFord,List,800,0.99,18,2078.77,2905
Prim,Matrix,800,0.99,19,1094.17,799
Prim,List,800,0.99,19,59.157,800
Kruskal,Matrix,800,0.99,19,38.721,799
Kruskal,List,800,0.99,19,77.561,800
Dijkstra,Matrix,800,0.99,19,2001.16,2605
Dijkstra,List,800,0.99,19,53.72,2680
BellmanFord,Matrix,800,0.99,19,2063.94,2605
BellmanFord,List,800,0.99,19,2231.69,2680
Prim,Matrix,800,0.99,20,1124.33,799
Prim,List,800,0.99,20,64.583,799
Kruskal,Matrix,800,0.99,20,41.816,799
Kruskal,List,800,0.99,20,77.967,799
Dijkstra,Matrix,800,0.99,20,2020.09,2667
Dijkstra,List,800,0.99,20,62.878,2512
BellmanFord,Matrix,800,0.99,20,2463.64,2667
BellmanFord,List,800,0.99,20,2463.13,2512
Prim,Matrix,800,0.99,21,1259.12,799
Prim,List,800,0.99,21,69.689,799
Kruskal,Matrix,800,0.99,21,44.719,799
Kruskal,List,800,0.99,21,86.517,799
Dijkstra,Matrix,800,0.99,21,2257.13,2686
Dijkstra,List,800,0.99,21,64.697,2589
BellmanFord,Matrix,800,0.99,21,2342.72,2686
BellmanFord,List,800,0.99,21,2278.2,2589
Prim,Matrix,800,0.99,22,1208.54,800
Prim,List,800,0.99,22,66.003,801
Kruskal,Matrix,800,0.99,22,43.279,800
Kruskal,List,800,0.99,22,82.306,801
Dijkstra,Matrix,800,0.99,22,2073.75,2638
Dijkstra,List,800,0.99,22,71.376,2568
BellmanFord,Matrix,800,0.99,22,2155.74,2638
BellmanFord,List,800,0.99,22,2214.45,2568
Prim,Matrix,800,0.99,23,1133.07,800
Prim,List,800,0.99,23,67.886,799
Kruskal,Matrix,800,0.99,23,40.573,800
Kruskal,List,800,0.99,23,80.983,799
Dijkstra,Matrix,800,0.99,23,1963.04,2681
Dijkstra,List,800,0.99,23,63.604,2662
BellmanFord,Matrix,800,0.99,23,2129.82,2681
BellmanFord,List,800,0.99,23,2139.96,2662
Prim,Matrix,800,0.99,24,1103.75,799
Prim,List,800,0.99,24,67.358,799
Kruskal,Matrix,800,0.99,24,39.555,799
Kruskal,List,800,0.99,24,77.206,799
Dijkstra,Matrix,800,0.99,24,1989.62,2499
Dijkstra,List,800,0.99,24,63.142,2614
BellmanFord,Matrix,800,0.99,24,2092.8,2499
BellmanFord,List,800,0.99,24,2066.54,2614
Prim,Matrix,800,0.99,25,1094.28,799
Prim,List,800,0.99,25,58.527,799
Kruskal,Matrix,800,0.99,25,39.239,799
Kruskal,List,800,0.99,25,70.78,799
Dijkstra,Matrix,800,0.99,25,2019.68,2744
Dijkstra,List,800,0.99,25,62.272,2574
BellmanFord,Matrix,800,0.99,25,2156.63,2744
BellmanFord,List,800,0.99,25,2111.19,2574
Prim,Matrix,800,0.99,26,721.523,799
Prim,List,800,0.99,26,52.33,800
Kruskal,Matrix,800,0.99,26,29.429,799
Kruskal,List,800,0.99,26,66.01,800
Dijkstra,Matrix,800,0.99,26,1184.63,2572
Dijkstra,List,800,0.99,26,56.566,2439
BellmanFord,Matrix,800,0.99,26,1458.34,2572
BellmanFord,List,800,0.99,26,1411.8,2439
Prim,Matrix,800,0.99,27,722.859,799
Prim,List,800,0.99,27,43.402,799
Kruskal,Matrix,800,0.99,27,27.005,799
Kruskal,List,800,0.99,27,64.626,799
Dijkstra,Matrix,800,0.99,27,1137.49,2600
Dijkstra,List,800,0.99,27,41.481,2462
BellmanFord,Matrix,800,0.99,27,1410.21,2600
BellmanFord,List,800,0.99,27,1391.73,2462
Prim,Matrix,800,0.99,28,674.87,800
Prim,List,800,0.99,28,41.013,800
Kruskal,Matrix,800,0.99,28,30.093,800
Kruskal,List,800,0.99,28,67.444,800
Dijkstra,Matrix,800,0.99,28,1155.31,2619
Dijkstra,List,800,0.99,28,37.187,2667
BellmanFord,Matrix,800,0.99,28,1396.82,2619
BellmanFord,List,800,0.99,28,1443.24,2667
Prim,Matrix,800,0.99,29,688.624,799
Prim,List,800,0.99,29,49.7,799
Kruskal,Matrix,800,0.99,29,27.092,799
Kruskal,List,800,0.99,29,53.506,799
Dijkstra,Matrix,800,0.99,29,1136.41,2755
Dijkstra,List,800,0.99,29,68.154,3023
BellmanFord,Matrix,800,0.99,29,1401.05,2755
BellmanFord,List,800,0.99,29,1426.03,3023
Prim,Matrix,800,0.99,30,984.975,799
Prim,List,800,0.99,30,61.561,799
Kruskal,Matrix,800,0.99,30,40.408,799
Kruskal,List,800,0.99,30,76.671,799
Dijkstra,Matrix,800,0.99,30,1942.78,2790
Dijkstra,List,800,0.99,30,54.139,2463
BellmanFord,Matrix,800,0.99,30,2168.4,2790
BellmanFord,List,800,0.99,30,2090.23,2463
Prim,Matrix,800,0.99,31,1095.78,799
Prim,List,800,0.99,31,62.038,799
Kruskal,Matrix,800,0.99,31,40.143,799
Kruskal,List,800,0.99,31,75.8,799
Dijkstra,Matrix,800,0.99,31,1946.89,2613
Dijkstra,List,800,0.99,31,55.79,2717
BellmanFord,Matrix,800,0.99,31,2061.96,2613
BellmanFord,List,800,0.99,31,2089.09,2717
Prim,Matrix,800,0.99,32,1090.08,799
Prim,List,800,0.99,32,62.091,799
Kruskal,Matrix,800,0.99,32,40.013,799
Kruskal,List,800,0.99,32,81.1,799
Dijkstra,Matrix,800,0.99,32,1937.14,2553
Dijkstra,List,800,0.99,32,52.74,2939
BellmanFord,Matrix,800,0.99,32,2071.81,2553
BellmanFord,List,800,0.99,32,1971.91,2939
Prim,Matrix,800,0.99,33,694.549,800
Prim,List,800,0.99,33,43.394,799
Kruskal,Matrix,800,0.99,33,27.869,800
Kruskal,List,800,0.99,33,69.639,799
Dijkstra,Matrix,800,0.99,33,1171.54,2644
Dijkstra,List,800,0.99,33,79.175,2653
BellmanFord,Matrix,800,0.99,33,1489.45,2644
BellmanFord,List,800,0.99,33,1405.51,2653
Prim,Matrix,800,0.99,34,685.972,799
Prim,List,800,0.99,34,68.64,799
Kruskal,Matrix,800,0.99,34,30.832,799
Kruskal,List,800,0.99,34,59.733,799
Dijkstra,Matrix,800,0.99,34,1199.71,2615
Dijkstra,List,800,0.99,34,42.639,2656
BellmanFord,Matrix,800,0.99,34,1367.03,2615
BellmanFord,List,800,0.99,34,1396.97,2656
Prim,Matrix,800,0.99,35,684.128,799
Prim,List,800,0.99,35,44.183,799
Kruskal,Matrix,800,0.99,35,26.819,799
Kruskal,List,800,0.99,35,66.241,799
Dijkstra,Matrix,800,0.99,35,1157.84,2464
Dijkstra,List,800,0.99,35,63.048,2531
BellmanFord,Matrix,800,0.99,35,1359.92,2464
BellmanFord,List,800,0.99,35,1395.36,2531
Prim,Matrix,800,0.99,36,714.769,800
Prim,List,800,0.99,36,62.541,800
Kruskal,Matrix,800,0.99,36,31.101,800
Kruskal,List,800,0.99,36,72.183,800
Dijkstra,Matrix,800,0.99,36,1157.65,2645
Dijkstra,List,800,0.99,36,38.327,2820
BellmanFord,Matrix,800,0.99,36,1389.76,2645
BellmanFord,List,800,0.99,36,1393.94,2820
Prim,Matrix,800,0.99,37,682.914,799
Prim,List,800,0.99,37,47.064,800
Kruskal,Matrix,800,0.99,37,27.054,799
Kruskal,List,800,0.99,37,68.277,800
Dijkstra,Matrix,800,0.99,37,1138.08,2740
Dijkstra,List,800,0.99,37,38.643,2687
BellmanFord,Matrix,800,0.99,37,1391.39,2740
BellmanFord,List,800,0.99,37,1385.92,2687
Prim,Matrix,800,0.99,38,692.63,799
Prim,List,800,0.99,38,44.406,799
Kruskal,Matrix,800,0.99,38,27.395,799
Kruskal,List,800,0.99,38,53.211,799
Dijkstra,Matrix,800,0.99,38,1115.27,2800
Dijkstra,List,800,0.99,38,41.012,2569
BellmanFord,Matrix,800,0.99,38,1358.32,2800
BellmanFord,List,800,0.99,38,1378.89,2569
Prim,Matrix,800,0.99,39,677.809,799
Prim,List,800,0.99,39,54.93,799
Kruskal,Matrix,800,0.99,39,27.17,799
Kruskal,List,800,0.99,39,54.872,799
Dijkstra,Matrix,800,0.99,39,1151.13,2872
Dijkstra,List,800,0.99,39,46.756,2552
BellmanFord,Matrix,800,0.99,39,1375.14,2872
BellmanFord,List,800,0.99,39,1357.43,2552
Prim,Matrix,800,0.99,40,670.48,799
Prim,List,800,0.99,40,57.479,799
Kruskal,Matrix,800,0.99,40,26.666,799
Kruskal,List,800,0.99,40,69.362,799
Dijkstra,Matrix,800,0.99,40,1118.25,2678
Dijkstra,List,800,0.99,40,58.923,2572
BellmanFord,Matrix,800,0.99,40,1344.03,2678
BellmanFord,List,800,0.99,40,1362.27,2572
Prim,Matrix,800,0.99,41,655.232,800
Prim,List,800,0.99,41,64.104,799
Kruskal,Matrix,800,0.99,41,27.176,800
Kruskal,List,800,0.99,41,50.965,799
Dijkstra,Matrix,800,0.99,41,1113.99,2741
Dijkstra,List,800,0.99,41,44.016,2665
BellmanFord,Matrix,800,0.99,41,1358.76,2741
BellmanFord,List,800,0.99,41,1365.64,2665
Prim,Matrix,800,0.99,42,661.968,799
Prim,List,800,0.99,42,54.147,799
Kruskal,Matrix,800,0.99,42,27.762,799
Kruskal,List,800,0.99,42,71.604,799
Dijkstra,Matrix,800,0.99,42,1108.61,2546
Dijkstra,List,800,0.99,42,38.67,2645
BellmanFord,Matrix,800,0.99,42,1340.28,2546
BellmanFord,List,800,0.99,42,1415.66,2645
Prim,Matrix,800,0.99,43,673.587,799
Prim,List,800,0.99,43,44.979,799
Kruskal,Matrix,800,0.99,43,28.683,799
Kruskal,List,800,0.99,43,59.807,799
Dijkstra,Matrix,800,0.99,43,1118.75,2681
Dijkstra,List,800,0.99,43,44.972,2556
BellmanFord,Matrix,800,0.99,43,1346.73,2681
BellmanFord,List,800,0.99,43,1349.78,2556
Prim,Matrix,800,0.99,44,675.742,799
Prim,List,800,0.99,44,49.804,799
Kruskal,Matrix,800,0.99,44,26.462,799
Kruskal,List,800,0.99,44,59.575,799
Dijkstra,Matrix,800,0.99,44,1115.2,2592
Dijkstra,List,800,0.99,44,37.032,2529
BellmanFord,Matrix,800,0.99,44,1337.31,2592
BellmanFord,List,800,0.99,44,1389.9,2529
Prim,Matrix,800,0.99,45,664.921,799
Prim,List,800,0.99,45,45.601,800
Kruskal,Matrix,800,0.99,45,26.808,799
Kruskal,List,800,0.99,45,66.85,800
Dijkstra,Matrix,800,0.99,45,1134.38,2680
Dijkstra,List,800,0.99,45,39.552,2709
BellmanFord,Matrix,800,0.99,45,1352.71,2680
BellmanFord,List,800,0.99,45,1429.5,2709
Prim,Matrix,800,0.99,46,742.325,800
Prim,List,800,0.99,46,57.092,799
Kruskal,Matrix,800,0.99,46,26.78,800
Kruskal,List,800,0.99,46,57.938,799
Dijkstra,Matrix,800,0.99,46,1153.54,2717
Dijkstra,List,800,0.99,46,59.695,2531
BellmanFord,Matrix,800,0.99,46,1380.36,2717
BellmanFord,List,800,0.99,46,1373.7,2531
Prim,Matrix,800,0.99,47,676.96,800
Prim,List,800,0.99,47,63.009,799
Kruskal,Matrix,800,0.99,47,28.06,800
Kruskal,List,800,0.99,47,70.689,799
Dijkstra,Matrix,800,0.99,47,1129.93,2680
Dijkstra,List,800,0.99,47,36.44,2553
BellmanFord,Matrix,800,0.99,47,1353.44,2680
BellmanFord,List,800,0.99,47,1397.24,2553
Prim,Matrix,800,0.99,48,722.127,800
Prim,List,800,0.99,48,61.908,799
Kruskal,Matrix,800,0.99,48,27.881,800
Kruskal,List,800,0.99,48,73.899,799
Dijkstra,Matrix,800,0.99,48,1118.19,2472
Dijkstra,List,800,0.99,48,53.931,2840
BellmanFord,Matrix,800,0.99,48,1343.69,2472
BellmanFord,List,800,0.99,48,1382.42,2840
Prim,Matrix,800,0.99,49,650.791,800
Prim,List,800,0.99,49,48.763,800
Kruskal,Matrix,800,0.99,49,26.473,800
Kruskal,List,800,0.99,49,73.738,800
Dijkstra,Matrix,800,0.99,49,1126.1,2533
Dijkstra,List,800,0.99,49,45.678,2661
BellmanFord,Matrix,800,0.99,49,1355.42,2533
BellmanFord,List,800,0.99,49,1379.29,2661
Prim,Matrix,1000,0.25,0,321.265,2847
Prim,List,1000,0.25,0,16.239,2765
Kruskal,Matrix,1000,0.25,0,9.995,2847
Kruskal,List,1000,0.25,0,17.101,2765
Dijkstra,Matrix,1000,0.25,0,551.39,5431
Dijkstra,List,1000,0.25,0,14.997,5577
BellmanFord,Matrix,1000,0.25,0,658.026,5431
BellmanFord,List,1000,0.25,0,714.665,5577
Prim,Matrix,1000,0.25,1,319.417,2597
Prim,List,1000,0.25,1,25.518,2792
Kruskal,Matrix,1000,0.25,1,11.588,2597
Kruskal,List,1000,0.25,1,23.591,2792
Dijkstra,Matrix,1000,0.25,1,549.99,5390530
Dijkstra,List,1000,0.25,1,13.803,7230262
BellmanFord,Matrix,1000,0.25,1,636.539,5390530
BellmanFord,List,1000,0.25,1,654.584,7230262
Prim,Matrix,1000,0.25,2,320.897,2869
Prim,List,1000,0.25,2,20.978,2780
Kruskal,Matrix,1000,0.25,2,10.051,2869
Kruskal,List,1000,0.25,2,23.717,2780
Dijkstra,Matrix,1000,0.25,2,562.997,12792
Dijkstra,List,1000,0.25,2,25.102,7028
BellmanFord,Matrix,1000,0.25,2,666.167,12792
BellmanFord,List,1000,0.25,2,675.578,7028
Prim,Matrix,1000,0.25,3,336.165,3149
Prim,List,1000,0.25,3,23.335,3271
Kruskal,Matrix,1000,0.25,3,9.748,3149
Kruskal,List,1000,0.25,3,17.324,3271
Dijkstra,Matrix,1000,0.25,3,957.139,4514
Dijkstra,List,1000,0.25,3,14.052,4810
BellmanFord,Matrix,1000,0.25,3,1005.49,4514
BellmanFord,List,1000,0.25,3,1013.32,4810
Prim,Matrix,1000,0.25,4,539.421,3028
Prim,List,1000,0.25,4,13.218,2701
Kruskal,Matrix,1000,0.25,4,14.035,3028
Kruskal,List,1000,0.25,4,22.039,2701
Dijkstra,Matrix,1000,0.25,4,963.174,4560
Dijkstra,List,1000,0.25,4,13.37,4517
BellmanFord,Matrix,1000,0.25,4,1011.54,4560
BellmanFord,List,1000,0.25,4,1012.56,4517
Prim,Matrix,1000,0.25,5,527.449,2718
Prim,List,1000,0.25,5,13.375,2589
Kruskal,Matrix,1000,0.25,5,15.548,2718
Kruskal,List,1000,0.25,5,24.861,2589
Dijkstra,Matrix,1000,0.25,5,964.845,4929
Dijkstra,List,1000,0.25,5,15.333,4871
BellmanFord,Matrix,1000,0.25,5,1018.32,4929
BellmanFord,List,1000,0.25,5,1062.98,4871
Prim,Matrix,1000,0.25,6,547.258,2671
Prim,List,1000,0.25,6,23.65,2970
Kruskal,Matrix,1000,0.25,6,15.073,2671
Kruskal,List,1000,0.25,6,31.304,2970
Dijkstra,Matrix,1000,0.25,6,970.036,5826496
Dijkstra,List,1000,0.25,6,23.188,6135782
BellmanFord,Matrix,1000,0.25,6,1001.24,5826496
BellmanFord,List,1000,0.25,6,975.35,6135782
Prim,Matrix,1000,0.25,7,552.65,2785
Prim,List,1000,0.25,7,21.803,2720
Kruskal,Matrix,1000,0.25,7,14.985,2785
Kruskal,List,1000,0.25,7,31.7,2720
Dijkstra,Matrix,1000,0.25,7,954.459,769340
Dijkstra,List,1000,0.25,7,16.324,458648
BellmanFord,Matrix,1000,0.25,7,1061.04,769340
BellmanFord,List,1000,0.25,7,1042.66,458648
Prim,Matrix,1000,0.25,8,551.996,2980
Prim,List,1000,0.25,8,16.077,2837
Kruskal,Matrix,1000,0.25,8,15.254,2980
Kruskal,List,1000,0.25,8,23.698,2837
Dijkstra,Matrix,1000,0.25,8,971.471,289567
Dijkstra,List,1000,0.25,8,16.353,245999
BellmanFord,Matrix,1000,0.25,8,1052.8,289567
BellmanFord,List,1000,0.25,8,1014.67,245999
Prim,Matrix,1000,0.25,9,529.943,2830
Prim,List,1000,0.25,9,16.99,2660
Kruskal,Matrix,1000,0.25,9,16.073,2830
Kruskal,List,1000,0.25,9,25.454,2660
Dijkstra,Matrix,1000,0.25,9,959.659,13569
Dijkstra,List,1000,0.25,9,22.642,5708
BellmanFord,Matrix,1000,0.25,9,1037.58,13569
BellmanFord,List,1000,0.25,9,1028.45,5708
Prim,Matrix,1000,0.25,10,548.373,2873
Prim,List,1000,0.25,10,13.244,3039
Kruskal,Matrix,1000,0.25,10,15.785,2873
Kruskal,List,1000,0.25,10,23.459,3039
Dijkstra,Matrix,1000,0.25,10,1055.87,1944847
Dijkstra,List,1000,0.25,10,13.441,213927
BellmanFord,Matrix,1000,0.25,10,1015.05,1944847
BellmanFord,List,1000,0.25,10,1027.34,213927
Prim,Matrix,1000,0.25,11,567.847,2606
Prim,List,1000,0.25,11,14.603,2912
Kruskal,Matrix,1000,0.25,11,14.82,2606
Kruskal,List,1000,0.25,11,22.997,2912
Dijkstra,Matrix,1000,0.25,11,997.235,59962
Dijkstra,List,1000,0.25,11,14.065,58671
BellmanFord,Matrix,1000,0.25,11,1120.88,59962
BellmanFord,List,1000,0.25,11,1028.84,58671
Prim,Matrix,1000,0.25,12,556.256,3059
Prim,List,1000,0.25,12,14.144,2865
Kruskal,Matrix,1000,0.25,12,14.358,3059
Kruskal,List,1000,0.25,12,24.856,2865
Dijkstra,Matrix,1000,0.25,12,983.285,245338
Dijkstra,List,1000,0.25,12,12.529,32061
BellmanFord,Matrix,1000,0.25,12,1018.73,245338
BellmanFord,List,1000,0.25,12,1013.99,32061
Prim,Matrix,1000,0.25,13,537.077,2723
Prim,List,1000,0.25,13,14.383,2770
Kruskal,Matrix,1000,0.25,13,14.791,2723
Kruskal,List,1000,0.25,13,24.417,2770
Dijkstra,Matrix,1000,0.25,13,964.427,5406
Dijkstra,List,1000,0.25,13,13.558,5692
BellmanFord,Matrix,1000,0.25,13,1016.77,5406
BellmanFord,List,1000,0.25,13,1014.73,5692
Prim,Matrix,1000,0.25,14,572.337,2665
Prim,List,1000,0.25,14,13.724,2864
Kruskal,Matrix,1000,0.25,14,14.926,2665
Kruskal,List,1000,0.25,14,25.017,2864
Dijkstra,Matrix,1000,0.25,14,961.621,4765149
Dijkstra,List,1000,0.25,14,13.396,8486671
BellmanFord,Matrix,1000,0.25,14,976.769,4765149
BellmanFord,List,1000,0.25,14,1025.74,8486671
Prim,Matrix,1000,0.25,15,574.496,2956
Prim,List,1000,0.25,15,17.488,3063
Kruskal,Matrix,1000,0.25,15,16.008,2956
Kruskal,List,1000,0.25,15,23.872,3063
Dijkstra,Matrix,1000,0.25,15,957.313,9817
Dijkstra,List,1000,0.25,15,18.601,6604
BellmanFord,Matrix,1000,0.25,15,1008.56,9817
BellmanFord,List,1000,0.25,15,1023.24,6604
Prim,Matrix,1000,0.25,16,526.387,2793
Prim,List,1000,0.25,16,14.138,2715
Kruskal,Matrix,1000,0.25,16,15.166,2793
Kruskal,List,1000,0.25,16,24.624,2715
Dijkstra,Matrix,1000,0.25,16,948.45,13798113
Dijkstra,List,1000,0.25,16,12.523,15037348
BellmanFord,Matrix,1000,0.25,16,933.191,13798113
BellmanFord,List,1000,0.25,16,928.274,15037348
Prim,Matrix,1000,0.25,17,546.257,2475
Prim,List,1000,0.25,17,14.196,3020
Kruskal,Matrix,1000,0.25,17,14.37,2475
Kruskal,List,1000,0.25,17,22.99,3020
Dijkstra,Matrix,1000,0.25,17,952.778,274530
Dijkstra,List,1000,0.25,17,11.827,269978
BellmanFord,Matrix,1000,0.25,17,1005.47,274530
BellmanFord,List,1000,0.25,17,1025.23,269978
Prim,Matrix,1000,0.25,18,559.336,2919
Prim,List,1000,0.25,18,14.674,3186
Kruskal,Matrix,1000,0.25,18,14.823,2919
Kruskal,List,1000,0.25,18,23.709,3186
Dijkstra,Matrix,1000,0.25,18,989.219,4554
Dijkstra,List,1000,0.25,18,16.839,4856
BellmanFord,Matrix,1000,0.25,18,1022.28,4554
BellmanFord,List,1000,0.25,18,1014.2,4856
Prim,Matrix,1000,0.25,19,545.414,2880
Prim,List,1000,0.25,19,13.952,2888
Kruskal,Matrix,1000,0.25,19,14.849,2880
Kruskal,List,1000,0.25,19,22.148,2888
Dijkstra,Matrix,1000,0.25,19,959.381,2685315
Dijkstra,List,1000,0.25,19,12.823,2481824
BellmanFord,Matrix,1000,0.25,19,998.575,2685315
BellmanFord,List,1000,0.25,19,997.991,2481824
Prim,Matrix,1000,0.25,20,560.932,2814
Prim,List,1000,0.25,20,16.432,2811
Kruskal,Matrix,1000,0.25,20,21.668,2814
Kruskal,List,1000,0.25,20,25.308,2811
Dijkstra,Matrix,1000,0.25,20,995.997,4428
Dijkstra,List,1000,0.25,20,13.168,5063
BellmanFord,Matrix,1000,0.25,20,1008.46,4428
BellmanFord,List,1000,0.25,20,1030.4,5063
Prim,Matrix,1000,0.25,21,584.36,3002
Prim,List,1000,0.25,21,13.573,3089
Kruskal,Matrix,1000,0.25,21,15.054,3002
Kruskal,List,1000,0.25,21,23.961,3089
Dijkstra,Matrix,1000,0.25,21,1016.82,4481
Dijkstra,List,1000,0.25,21,17.132,5219
BellmanFord,Matrix,1000,0.25,21,1054.73,4481
BellmanFord,List,1000,0.25,21,1077.75,5219
Prim,Matrix,1000,0.25,22,536.122,2938
Prim,List,1000,0.25,22,15.994,2960
Kruskal,Matrix,1000,0.25,22,15.563,2938
Kruskal,List,1000,0.25,22,25.065,2960
Dijkstra,Matrix,1000,0.25,22,967.381,5557626
Dijkstra,List,1000,0.25,22,13.988,5295165
BellmanFord,Matrix,1000,0.25,22,981.501,5557626
BellmanFord,List,1000,0.25,22,981.866,5295165
Prim,Matrix,1000,0.25,23,532.063,2720
Prim,List,1000,0.25,23,14.474,2917
Kruskal,Matrix,1000,0.25,23,15.437,2720
Kruskal,List,1000,0.25,23,24.823,2917
Dijkstra,Matrix,1000,0.25,23,989.497,6384104
Dijkstra,List,1000,0.25,23,14.451,7595541
BellmanFord,Matrix,1000,0.25,23,984.329,6384104
BellmanFord,List,1000,0.25,23,974.653,7595541
Prim,Matrix,1000,0.25,24,550.593,3051
Prim,List,1000,0.25,24,14.921,3069
Kruskal,Matrix,1000,0.25,24,14.288,3051
Kruskal,List,1000,0.25,24,23.743,3069
Dijkstra,Matrix,1000,0.25,24,949.999,3217324
Dijkstra,List,1000,0.25,24,14.728,1881090
BellmanFord,Matrix,1000,0.25,24,1011.05,3217324
BellmanFord,List,1000,0.25,24,1019.41,1881090
Prim,Matrix,1000,0.25,25,559.466,2699
Prim,List,1000,0.25,25,14.017,2751
Kruskal,Matrix,1000,0.25,25,19.943,2699
Kruskal,List,1000,0.25,25,24.339,2751
Dijkstra,Matrix,1000,0.25,25,995.411,7755061
Dijkstra,List,1000,0.25,25,11.623,7769695
BellmanFord,Matrix,1000,0.25,25,967.017,7755061
BellmanFord,List,1000,0.25,25,975.987,7769695
Prim,Matrix,1000,0.25,26,530.705,2831
Prim,List,1000,0.25,26,13.843,2867
Kruskal,Matrix,1000,0.25,26,15.511,2831
Kruskal,List,1000,0.25,26,24.333,2867
Dijkstra,Matrix,1000,0.25,26,996.08,9743
Dijkstra,List,1000,0.25,26,16.133,7345
BellmanFord,Matrix,1000,0.25,26,1024.72,9743
BellmanFord,List,1000,0.25,26,1036.94,7345
Prim,Matrix,1000,0.25,27,538.711,2842
Prim,List,1000,0.25,27,13.751,2852
Kruskal,Matrix,1000,0.25,27,14.536,2842
Kruskal,List,1000,0.25,27,27.255,2852
Dijkstra,Matrix,1000,0.25,27,962.805,1989420
Dijkstra,List,1000,0.25,27,12.808,49401
BellmanFord,Matrix,1000,0.25,27,1011.3,1989420
BellmanFord,List,1000,0.25,27,1025.2,49401
Prim,Matrix,1000,0.25,28,564.281,2796
Prim,List,1000,0.25,28,14.158,3069
Kruskal,Matrix,1000,0.25,28,14.06,2796
Kruskal,List,1000,0.25,28,26.426,3069
Dijkstra,Matrix,1000,0.25,28,944.386,4361
Dijkstra,List,1000,0.25,28,13.217,4553
BellmanFord,Matrix,1000,0.25,28,1090.68,4361
BellmanFord,List,1000,0.25,28,1031.49,4553
Prim,Matrix,1000,0.25,29,535.923,2903
Prim,List,1000,0.25,29,13.811,2836
Kruskal,Matrix,1000,0.25,29,14.965,2903
Kruskal,List,1000,0.25,29,22.827,2836
Dijkstra,Matrix,1000,0.25,29,954.615,2569305
Dijkstra,List,1000,0.25,29,14.368,3283880
BellmanFord,Matrix,1000,0.25,29,1020.75,2569305
BellmanFord,List,1000,0.25,29,998.836,3283880
Prim,Matrix,1000,0.25,30,527.448,3196
Prim,List,1000,0.25,30,12.46,2867
Kruskal,Matrix,1000,0.25,30,14.914,3196
Kruskal,List,1000,0.25,30,23.821,2867
Dijkstra,Matrix,1000,0.25,30,954.671,4467
Dijkstra,List,1000,0.25,30,12.485,5167
BellmanFord,Matrix,1000,0.25,30,1018.84,4467
BellmanFord,List,1000,0.25,30,1016.21,5167
Prim,Matrix,1000,0.25,31,536.234,2816
Prim,List,1000,0.25,31,13.303,2745
Kruskal,Matrix,1000,0.25,31,14.996,2816
Kruskal,List,1000,0.25,31,24.968,2745
Dijkstra,Matrix,1000,0.25,31,964.248,772146
Dijkstra,List,1000,0.25,31,12.234,658927
BellmanFord,Matrix,1000,0.25,31,1008.48,772146
BellmanFord,List,1000,0.25,31,1018.07,658927
Prim,Matrix,1000,0.25,32,549.846,3116
Prim,List,1000,0.25,32,13.922,3106
Kruskal,Matrix,1000,0.25,32,15.308,3116
Kruskal,List,1000,0.25,32,24.085,3106
Dijkstra,Matrix,1000,0.25,32,947.624,173774
Dijkstra,List,1000,0.25,32,12.328,146536
BellmanFord,Matrix,1000,0.25,32,1009.67,173774
BellmanFord,List,1000,0.25,32,1020.87,146536
Prim,Matrix,1000,0.25,33,541.362,2862
Prim,List,1000,0.25,33,15.815,2814
Kruskal,Matrix,1000,0.25,33,20.738,2862
Kruskal,List,1000,0.25,33,33.674,2814
Dijkstra,Matrix,1000,0.25,33,958.109,6579
Dijkstra,List,1000,0.25,33,14.45,6923
BellmanFord,Matrix,1000,0.25,33,1007.68,6579
BellmanFord,List,1000,0.25,33,1011.78,6923
Prim,Matrix,1000,0.25,34,552.269,3046
Prim,List,1000,0.25,34,14.326,2986
Kruskal,Matrix,1000,0.25,34,15.102,3046
Kruskal,List,1000,0.25,34,24.561,2986
Dijkstra,Matrix,1000,0.25,34,945.457,4910
Dijkstra,List,1000,0.25,34,12.224,4299
BellmanFord,Matrix,1000,0.25,34,1004.5,4910
BellmanFord,List,1000,0.25,34,1017.65,4299
Prim,Matrix,1000,0.25,35,546.874,2800
Prim,List,1000,0.25,35,14.602,2578
Kruskal,Matrix,1000,0.25,35,14.732,2800
Kruskal,List,1000,0.25,35,23.74,2578
Dijkstra,Matrix,1000,0.25,35,957.74,5154
Dijkstra,List,1000,0.25,35,14.419,4186
BellmanFord,Matrix,1000,0.25,35,1007.12,5154
BellmanFord,List,1000,0.25,35,1019.79,4186
Prim,Matrix,1000,0.25,36,531.822,2512
Prim,List,1000,0.25,36,17.017,2546
Kruskal,Matrix,1000,0.25,36,14.94,2512
Kruskal,List,1000,0.25,36,26.419,2546
Dijkstra,Matrix,1000,0.25,36,950.615,7981723
Dijkstra,List,1000,0.25,36,12.828,5434051
BellmanFord,Matrix,1000,0.25,36,944.645,7981723
BellmanFord,List,1000,0.25,36,977.489,5434051
Prim,Matrix,1000,0.25,37,535.6,2846
Prim,List,1000,0.25,37,13.885,2677
Kruskal,Matrix,1000,0.25,37,14.682,2846
Kruskal,List,1000,0.25,37,23.35,2677
Dijkstra,Matrix,1000,0.25,37,937.438,7870734
Dijkstra,List,1000,0.25,37,12.662,7153871
BellmanFord,Matrix,1000,0.25,37,944.767,7870734
BellmanFord,List,1000,0.25,37,962.997,7153871
Prim,Matrix,1000,0.25,38,530.045,3047
Prim,List,1000,0.25,38,13.585,2677
Kruskal,Matrix,1000,0.25,38,15.032,3047
Kruskal,List,1000,0.25,38,23.141,2677
Dijkstra,Matrix,1000,0.25,38,990.822,6832594
Dijkstra,List,1000,0.25,38,13.985,5288878
BellmanFord,Matrix,1000,0.25,38,958.465,6832594
BellmanFord,List,1000,0.25,38,979.681,5288878
Prim,Matrix,1000,0.25,39,527.75,2820
Prim,List,1000,0.25,39,15.146,2678
Kruskal,Matrix,1000,0.25,39,14.933,2820
Kruskal,List,1000,0.25,39,23.687,2678
Dijkstra,Matrix,1000,0.25,39,966.667,14673
Dijkstra,List,1000,0.25,39,20.05,41054
BellmanFord,Matrix,1000,0.25,39,1016.8,14673
BellmanFord,List,1000,0.25,39,1014.55,41054
Prim,Matrix,1000,0.25,40,531.26,2717
Prim,List,1000,0.25,40,15.281,2694
Kruskal,Matrix,1000,0.25,40,14.23,2717
Kruskal,List,1000,0.25,40,23.649,2694
Dijkstra,Matrix,1000,0.25,40,940.761,125005
Dijkstra,List,1000,0.25,40,17.467,144107
BellmanFord,Matrix,1000,0.25,40,1013.16,125005
BellmanFord,List,1000,0.25,40,1021.66,144107
Prim,Matrix,1000,0.25,41,547.454,2681
Prim,List,1000,0.25,41,15.653,2825
Kruskal,Matrix,1000,0.25,41,15.741,2681
Kruskal,List,1000,0.25,41,23.955,2825
Dijkstra,Matrix,1000,0.25,41,939.895,27173
Dijkstra,List,1000,0.25,41,13.99,26109
BellmanFord,Matrix,1000,0.25,41,1015.88,27173
BellmanFord,List,1000,0.25,41,1015.83,26109
Prim,Matrix,1000,0.25,42,536.264,2930
Prim,List,1000,0.25,42,14.425,2476
Kruskal,Matrix,1000,0.25,42,14.728,2930
Kruskal,List,1000,0.25,42,33.038,2476
Dijkstra,Matrix,1000,0.25,42,959.833,5650
Dijkstra,List,1000,0.25,42,13.867,6017
BellmanFord,Matrix,1000,0.25,42,1004.04,5650
BellmanFord,List,1000,0.25,42,1030.35,6017
Prim,Matrix,1000,0.25,43,524.884,2980
Prim,List,1000,0.25,43,14.064,2564
Kruskal,Matrix,1000,0.25,43,14.571,2980
Kruskal,List,1000,0.25,43,22.914,2564
Dijkstra,Matrix,1000,0.25,43,957.896,4563
Dijkstra,List,1000,0.25,43,14.261,3944
BellmanFord,Matrix,1000,0.25,43,1011.68,4563
BellmanFord,List,1000,0.25,43,1013.97,3944
Prim,Matrix,1000,0.25,44,540.264,2755
Prim,List,1000,0.25,44,13.29,2682
Kruskal,Matrix,1000,0.25,44,14.632,2755
Kruskal,List,1000,0.25,44,24.672,2682
Dijkstra,Matrix,1000,0.25,44,945.673,9919
Dijkstra,List,1000,0.25,44,13.38,6594
BellmanFord,Matrix,1000,0.25,44,1003.19,9919
BellmanFord,List,1000,0.25,44,1023.9,6594
Prim,Matrix,1000,0.25,45,606.975,2682
Prim,List,1000,0.25,45,13.626,2571
Kruskal,Matrix,1000,0.25,45,15.446,2682
Kruskal,List,1000,0.25,45,22.191,2571
Dijkstra,Matrix,1000,0.25,45,951.55,17598214
Dijkstra,List,1000,0.25,45,12.899,15757210
BellmanFord,Matrix,1000,0.25,45,879.847,17598214
BellmanFord,List,1000,0.25,45,899.251,15757210
Prim,Matrix,1000,0.25,46,548.292,2795
Prim,List,1000,0.25,46,13.07,2924
Kruskal,Matrix,1000,0.25,46,14.597,2795
Kruskal,List,1000,0.25,46,22.94,2924
Dijkstra,Matrix,1000,0.25,46,949.954,1086825
Dijkstra,List,1000,0.25,46,12.16,1592064
BellmanFord,Matrix,1000,0.25,46,1009.29,1086825
BellmanFord,List,1000,0.25,46,1014.19,1592064
Prim,Matrix,1000,0.25,47,538.162,2951
Prim,List,1000,0.25,47,13.348,3255
Kruskal,Matrix,1000,0.25,47,14.496,2951
Kruskal,List,1000,0.25,47,23.956,3255
Dijkstra,Matrix,1000,0.25,47,946.92,7137382
Dijkstra,List,1000,0.25,47,12.691,4584875
BellmanFord,Matrix,1000,0.25,47,954.546,7137382
BellmanFord,List,1000,0.25,47,998.052,4584875
Prim,Matrix,1000,0.25,48,545.49,3086
Prim,List,1000,0.25,48,14.016,2850
Kruskal,Matrix,1000,0.25,48,14.648,3086
